0	0	0	0	0	0	0	0	0	0	0	0	0	0	0	0	0	
0	0	0	0	0	0	0	0	0	0	0	0	0	0	0	0	0	
0	0	0	0	0	0	0	0	0	0	0	0	0	0	0	0	0	
0	0	0	0	0	0	0	0	0	0	0	0	0	0	0	0	0	
0	0	0	0	0	0	0	0	0	0	0	0	0	0	0	0	0	
0	0	0	0	0	0	0	0	0	0	0	0	0	0	0	0	0	
0	0	0	0	0	0	0	0	0	0	0	0	0	0	0	0	0	
0	0	0	0	0	0	0	0	0	0	0	0	0	0	0	0	0	
0	0	0	0	0	0	0	0	0.00012341	0	0	0	0	0	0	0	0	
0	0	0	0	0	0	0	0	0	0	0	0	0	0	0	0	0	
0	0	0	0	0	0	0	0	0	0	0	0	0	0	0	0	0	
0	0	0	0	0	0	0	0	0	0	0	0	0	0	0	0	0	
0	0	0	0	0	0	0	0	0	0	0	0	0	0	0	0	0	
0	0	0	0	0	0	0	0	0	0	0	0	0	0	0	0	0	
0	0	0	0	0	0	0	0	0	0	0	0	0	0	0	0	0	
0	0	0	0	0	0	0	0	0	0	0	0	0	0	0	0	0	
0	0	0	0	0	0	0	0	0	0	0	0	0	0	0	0	0	

0	0	0	0	0	0	0	0	0	0	0	0	0	0	0	0	0	
0	0	0	0	0	0	0	0	0	0	0	0	0	0	0	0	0	
0	0	0	0	0	0	0	0	0	0	0	0	0	0	0	0	0	
0	0	0	0	0	0	0	0	0	0	0	0	0	0	0	0	0	
0	0	0	0	0	0	0	0	0	0	0	0	0	0	0	0	0	
0	0	0	0	0	0	0	0	0	0	0	0	0	0	0	0	0	
0	0	0	0	0	0	0	0	0	0	0	0	0	0	0	0	0	
0	0	0	0	0	0	0	0	3.08244e-005	0	0	0	0	0	0	0	0	
0	0	0	0	0	0	0	3.08244e-005	0.00016617	3.08244e-005	0	0	0	0	0	0	0	
0	0	0	0	0	0	0	0	3.08244e-005	0	0	0	0	0	0	0	0	
0	0	0	0	0	0	0	0	0	0	0	0	0	0	0	0	0	
0	0	0	0	0	0	0	0	0	0	0	0	0	0	0	0	0	
0	0	0	0	0	0	0	0	0	0	0	0	0	0	0	0	0	
0	0	0	0	0	0	0	0	0	0	0	0	0	0	0	0	0	
0	0	0	0	0	0	0	0	0	0	0	0	0	0	0	0	0	
0	0	0	0	0	0	0	0	0	0	0	0	0	0	0	0	0	
0	0	0	0	0	0	0	0	0	0	0	0	0	0	0	0	0	

0	0	0	0	0	0	0	0	0	0	0	0	0	0	0	0	0	
0	0	0	0	0	0	0	0	0	0	0	0	0	0	0	0	0	
0	0	0	0	0	0	0	0	0	0	0	0	0	0	0	0	0	
0	0	0	0	0	0	0	0	0	0	0	0	0	0	0	0	0	
0	0	0	0	0	0	0	0	0	0	0	0	0	0	0	0	0	
0	0	0	0	0	0	0	0	0	0	0	0	0	0	0	0	0	
0	0	0	0	0	0	0	0	7.69907e-006	0	0	0	0	0	0	0	0	
0	0	0	0	0	0	0	1.53981e-005	7.23571e-005	1.53981e-005	0	0	0	0	0	0	0	
0	0	0	0	0	0	7.69907e-006	7.23571e-005	0.00022263	7.23571e-005	7.69907e-006	0	0	0	0	0	0	
0	0	0	0	0	0	0	1.53981e-005	7.23571e-005	1.53981e-005	0	0	0	0	0	0	0	
0	0	0	0	0	0	0	0	7.69907e-006	0	0	0	0	0	0	0	0	
0	0	0	0	0	0	0	0	0	0	0	0	0	0	0	0	0	
0	0	0	0	0	0	0	0	0	0	0	0	0	0	0	0	0	
0	0	0	0	0	0	0	0	0	0	0	0	0	0	0	0	0	
0	0	0	0	0	0	0	0	0	0	0	0	0	0	0	0	0	
0	0	0	0	0	0	0	0	0	0	0	0	0	0	0	0	0	
0	0	0	0	0	0	0	0	0	0	0	0	0	0	0	0	0	

0	0	0	0	0	0	0	0	0	0	0	0	0	0	0	0	0	
0	0	0	0	0	0	0	0	0	0	0	0	0	0	0	0	0	
0	0	0	0	0	0	0	0	0	0	0	0	0	0	0	0	0	
0	0	0	0	0	0	0	0	0	0	0	0	0	0	0	0	0	
0	0	0	0	0	0	0	0	0	0	0	0	0	0	0	0	0	
0	0	0	0	0	0	0	0	1.92301e-006	0	0	0	0	0	0	0	0	
0	0	0	0	0	0	0	5.76904e-006	2.57789e-005	5.76904e-006	0	0	0	0	0	0	0	
0	0	0	0	0	0	5.76904e-006	5.15578e-005	0.000106821	5.15578e-005	5.76904e-006	0	0	0	0	0	0	
0	0	0	0	0	1.92301e-006	2.57789e-005	0.000106821	0.000296786	0.000106821	2.57789e-005	1.92301e-006	0	0	0	0	0	
0	0	0	0	0	0	5.76904e-006	5.15578e-005	0.000106821	5.15578e-005	5.76904e-006	0	0	0	0	0	0	
0	0	0	0	0	0	0	5.76904e-006	2.57789e-005	5.76904e-006	0	0	0	0	0	0	0	
0	0	0	0	0	0	0	0	1.92301e-006	0	0	0	0	0	0	0	0	
0	0	0	0	0	0	0	0	0	0	0	0	0	0	0	0	0	
0	0	0	0	0	0	0	0	0	0	0	0	0	0	0	0	0	
0	0	0	0	0	0	0	0	0	0	0	0	0	0	0	0	0	
0	0	0	0	0	0	0	0	0	0	0	0	0	0	0	0	0	
0	0	0	0	0	0	0	0	0	0	0	0	0	0	0	0	0	

0	0	0	0	0	0	0	0	0	0	0	0	0	0	0	0	0	
0	0	0	0	0	0	0	0	0	0	0	0	0	0	0	0	0	
0	0	0	0	0	0	0	0	0	0	0	0	0	0	0	0	0	
0	0	0	0	0	0	0	0	0	0	0	0	0	0	0	0	0	
0	0	0	0	0	0	0	0	4.80316e-007	0	0	0	0	0	0	0	0	
0	0	0	0	0	0	0	1.92126e-006	8.36362e-006	1.92126e-006	0	0	0	0	0	0	0	
0	0	0	0	0	0	2.8819e-006	2.50909e-005	4.81463e-005	2.50909e-005	2.8819e-006	0	0	0	0	0	0	
0	0	0	0	0	1.92126e-006	2.50909e-005	9.24501e-005	0.000140884	9.24501e-005	2.50909e-005	1.92126e-006	0	0	0	0	0	
0	0	0	0	4.80316e-007	8.36362e-006	4.81463e-005	0.000140884	0.000393669	0.000140884	4.81463e-005	8.36362e-006	4.80316e-007	0	0	0	0	
0	0	0	0	0	1.92126e-006	2.50909e-005	9.24501e-005	0.000140884	9.24501e-005	2.50909e-005	1.92126e-006	0	0	0	0	0	
0	0	0	0	0	0	2.8819e-006	2.50909e-005	4.81463e-005	2.50909e-005	2.8819e-006	0	0	0	0	0	0	
0	0	0	0	0	0	0	1.92126e-006	8.36362e-006	1.92126e-006	0	0	0	0	0	0	0	
0	0	0	0	0	0	0	0	4.80316e-007	0	0	0	0	0	0	0	0	
0	0	0	0	0	0	0	0	0	0	0	0	0	0	0	0	0	
0	0	0	0	0	0	0	0	0	0	0	0	0	0	0	0	0	
0	0	0	0	0	0	0	0	0	0	0	0	0	0	0	0	0	
0	0	0	0	0	0	0	0	0	0	0	0	0	0	0	0	0	

0	0	0	0	0	0	0	0	0	0	0	0	0	0	0	0	0	
0	0	0	0	0	0	0	0	0	0	0	0	0	0	0	0	0	
0	0	0	0	0	0	0	0	0	0	0	0	0	0	0	0	0	
0	0	0	0	0	0	0	0	1.1997e-007	0	0	0	0	0	0	0	0	
0	0	0	0	0	0	0	5.99848e-007	2.56975e-006	5.99848e-007	0	0	0	0	0	0	0	
0	0	0	0	0	0	1.1997e-006	1.0279e-005	1.95536e-005	1.0279e-005	1.1997e-006	0	0	0	0	0	0	
0	0	0	0	0	1.1997e-006	1.54185e-005	5.56615e-005	7.22232e-005	5.56615e-005	1.54185e-005	1.1997e-006	0	0	0	0	0	
0	0	0	0	5.99848e-007	1.0279e-005	5.56615e-005	0.000123888	0.000190728	0.000123888	5.56615e-005	1.0279e-005	5.99848e-007	0	0	0	0	
0	0	0	1.1997e-007	2.56975e-006	1.95536e-005	7.22232e-005	0.000190728	0.000519575	0.000190728	7.22232e-005	1.95536e-005	2.56975e-006	1.1997e-007	0	0	0	
0	0	0	0	5.99848e-007	1.0279e-005	5.56615e-005	0.000123888	0.000190728	0.000123888	5.56615e-005	1.0279e-005	5.99848e-007	0	0	0	0	
0	0	0	0	0	1.1997e-006	1.54185e-005	5.56615e-005	7.22232e-005	5.56615e-005	1.54185e-005	1.1997e-006	0	0	0	0	0	
0	0	0	0	0	0	1.1997e-006	1.0279e-005	1.95536e-005	1.0279e-005	1.1997e-006	0	0	0	0	0	0	
0	0	0	0	0	0	0	5.99848e-007	2.56975e-006	5.99848e-007	0	0	0	0	0	0	0	
0	0	0	0	0	0	0	0	1.1997e-007	0	0	0	0	0	0	0	0	
0	0	0	0	0	0	0	0	0	0	0	0	0	0	0	0	0	
0	0	0	0	0	0	0	0	0	0	0	0	0	0	0	0	0	
0	0	0	0	0	0	0	0	0	0	0	0	0	0	0	0	0	

0	0	0	0	0	0	0	0	0	0	0	0	0	0	0	0	0	
0	0	0	0	0	0	0	0	0	0	0	0	0	0	0	0	0	
0	0	0	0	0	0	0	0	5.64816e-008	0	0	0	0	0	0	0	0	
0	0	0	0	0	0	0	1.79791e-007	7.62139e-007	1.79791e-007	0	0	0	0	0	0	0	
0	0	0	0	0	0	4.49476e-007	3.80966e-006	7.30534e-006	3.80966e-006	4.49476e-007	0	0	0	0	0	0	
0	0	0	0	0	5.99302e-007	7.61932e-006	2.76032e-005	3.50238e-005	2.76032e-005	7.61932e-006	5.99302e-007	0	0	0	0	0	
0	0	0	0	4.49476e-007	7.61932e-006	4.09554e-005	8.60231e-005	0.000104471	8.60231e-005	4.09554e-005	7.61932e-006	4.49476e-007	0	0	0	0	
0	0	0	1.79791e-007	3.80966e-006	2.76032e-005	8.60231e-005	0.000154634	0.00025972	0.000154634	8.60231e-005	2.76032e-005	3.80966e-006	1.79791e-007	0	0	0	
0	0	5.64816e-008	7.62139e-007	7.30534e-006	3.50238e-005	0.000104471	0.00025972	0.000682329	0.00025972	0.000104471	3.50238e-005	7.30534e-006	7.62139e-007	5.64816e-008	0	0	
0	0	0	1.79791e-007	3.80966e-006	2.76032e-005	8.60231e-005	0.000154634	0.00025972	0.000154634	8.60231e-005	2.76032e-005	3.80966e-006	1.79791e-007	0	0	0	
0	0	0	0	4.49476e-007	7.61932e-006	4.09554e-005	8.60231e-005	0.000104471	8.60231e-005	4.09554e-005	7.61932e-006	4.49476e-007	0	0	0	0	
0	0	0	0	0	5.99302e-007	7.61932e-006	2.76032e-005	3.50238e-005	2.76032e-005	7.61932e-006	5.99302e-007	0	0	0	0	0	
0	0	0	0	0	0	4.49476e-007	3.80966e-006	7.30534e-006	3.80966e-006	4.49476e-007	0	0	0	0	0	0	
0	0	0	0	0	0	0	1.79791e-007	7.62139e-007	1.79791e-007	0	0	0	0	0	0	0	
0	0	0	0	0	0	0	0	5.64816e-008	0	0	0	0	0	0	0	0	
0	0	0	0	0	0	0	0	0	0	0	0	0	0	0	0	0	
0	0	0	0	0	0	0	0	0	0	0	0	0	0	0	0	0	

0	0	0	0	0	0	0	0	0	0	0	0	0	0	0	0	0	
0	0	0	0	0	0	0	0	1.13999e-008	0	0	0	0	0	0	0	0	
0	0	0	0	0	0	0	1.08738e-007	4.08274e-007	1.08738e-007	0	0	0	0	0	0	0	
0	0	0	0	0	0	1.57173e-007	1.32217e-006	2.57272e-006	1.32217e-006	1.57173e-007	0	0	0	0	0	0	
0	0	0	0	0	2.61956e-007	3.30453e-006	1.20896e-005	1.55837e-005	1.20896e-005	3.30453e-006	2.61956e-007	0	0	0	0	0	
0	0	0	0	2.61956e-007	4.40604e-006	2.38126e-005	5.04381e-005	5.72097e-005	5.04381e-005	2.38126e-005	4.40604e-006	2.61956e-007	0	0	0	0	
0	0	0	1.57173e-007	3.30453e-006	2.38126e-005	7.23527e-005	0.000112281	0.000148934	0.000112281	7.23527e-005	2.38126e-005	3.30453e-006	1.57173e-007	0	0	0	
0	0	1.08738e-007	1.32217e-006	1.20896e-005	5.04381e-005	0.000112281	0.0002036	0.000342996	0.0002036	0.000112281	5.04381e-005	1.20896e-005	1.32217e-006	1.08738e-007	0	0	
0	1.13999e-008	4.08274e-007	2.57272e-006	1.55837e-005	5.72097e-005	0.000148934	0.000342996	0.000891595	0.000342996	0.000148934	5.72097e-005	1.55837e-005	2.57272e-006	4.08274e-007	1.13999e-008	0	
0	0	1.08738e-007	1.32217e-006	1.20896e-005	5.04381e-005	0.000112281	0.0002036	0.000342996	0.0002036	0.000112281	5.04381e-005	1.20896e-005	1.32217e-006	1.08738e-007	0	0	
0	0	0	1.57173e-007	3.30453e-006	2.38126e-005	7.23527e-005	0.000112281	0.000148934	0.000112281	7.23527e-005	2.38126e-005	3.30453e-006	1.57173e-007	0	0	0	
0	0	0	0	2.61956e-007	4.40604e-006	2.38126e-005	5.04381e-005	5.72097e-005	5.04381e-005	2.38126e-005	4.40604e-006	2.61956e-007	0	0	0	0	
0	0	0	0	0	2.61956e-007	3.30453e-006	1.20896e-005	1.55837e-005	1.20896e-005	3.30453e-006	2.61956e-007	0	0	0	0	0	
0	0	0	0	0	0	1.57173e-007	1.32217e-006	2.57272e-006	1.32217e-006	1.57173e-007	0	0	0	0	0	0	
0	0	0	0	0	0	0	9.65977e-008	4.32555e-007	9.65977e-008	0	0	0	0	0	0	0	
0	0	0	0	0	0	0	0	1.13999e-008	0	0	0	0	0	0	0	0	
0	0	0	0	0	0	0	0	0	0	0	0	0	0	0	0	0	

0	0	0	0	0	0	0	0	0	0	0	0	0	0	0	0	0	
0	0	0	0	0	0	0	2.323e-008	1.05186e-007	2.323e-008	0	0	0	0	0	0	0	
0	0	0	0	0	0	1.20381e-007	8.91348e-007	1.56762e-006	8.91348e-007	1.20381e-007	0	0	0	0	0	0	
0	0	0	0	0	1.04687e-007	1.31321e-006	4.87442e-006	6.47179e-006	4.87442e-006	1.31321e-006	1.04687e-007	0	0	0	0	0	
0	0	0	0	1.30859e-007	2.18808e-006	1.19301e-005	2.5937e-005	2.92638e-005	2.5937e-005	1.19301e-005	2.18808e-006	1.30859e-007	0	0	0	0	
0	0	0	1.04687e-007	2.18808e-006	1.5837e-005	4.88106e-005	7.41823e-005	8.8526e-005	7.41823e-005	4.88106e-005	1.5837e-005	2.18808e-006	1.04687e-007	0	0	0	
0	0	1.20381e-007	1.31321e-006	1.19301e-005	4.88106e-005	9.9448e-005	0.000145083	0.000200649	0.000145083	9.9448e-005	4.88106e-005	1.19301e-005	1.31321e-006	1.20381e-007	0	0	
0	2.323e-008	8.91348e-007	4.87442e-006	2.5937e-005	7.41823e-005	0.000145083	0.000276583	0.000445191	0.000276583	0.000145083	7.41823e-005	2.5937e-005	4.87442e-006	8.91348e-007	2.323e-008	0	
0	1.05186e-007	1.56762e-006	6.47179e-006	2.92638e-005	8.8526e-005	0.000200649	0.000445191	0.00115923	0.000445191	0.000200649	8.8526e-005	2.92638e-005	6.47179e-006	1.56762e-006	1.05186e-007	0	
0	2.323e-008	8.91348e-007	4.87442e-006	2.5937e-005	7.41823e-005	0.000145083	0.000276583	0.000445191	0.000276583	0.000145083	7.41823e-005	2.5937e-005	4.87442e-006	8.91348e-007	2.323e-008	0	
0	0	1.20381e-007	1.31321e-006	1.19301e-005	4.88106e-005	9.9448e-005	0.000145083	0.000200649	0.000145083	9.9448e-005	4.88106e-005	1.19301e-005	1.31321e-006	1.20381e-007	0	0	
0	0	0	1.04687e-007	2.18808e-006	1.5837e-005	4.88106e-005	7.41823e-005	8.8526e-005	7.41823e-005	4.88106e-005	1.5837e-005	2.18808e-006	1.04687e-007	0	0	0	
0	0	0	0	1.30859e-007	2.18808e-006	1.19301e-005	2.5937e-005	2.92638e-005	2.5937e-005	1.19301e-005	2.18808e-006	1.30859e-007	0	0	0	0	
0	0	0	0	0	1.04687e-007	1.31321e-006	4.8714e-006	6.47781e-006	4.8714e-006	1.31321e-006	1.04687e-007	0	0	0	0	0	
0	0	0	0	0	0	9.44388e-008	8.3413e-007	1.73394e-006	8.3413e-007	9.44388e-008	-1.67918e-010	3.35836e-010	-1.67918e-010	0	0	0	
0	0	0	0	0	0	0	1.99982e-008	1.1165e-007	1.99982e-008	0	0	0	0	0	0	0	
0	0	0	0	0	0	0	0	0	0	0	0	0	0	0	0	0	

0	0	0	0	0	0	0	0	0	0	0	0	0	0	0	0	0	
0	0	0	0	0	0	2.69112e-008	2.38078e-007	5.11076e-007	2.38078e-007	2.69112e-008	0	0	0	0	0	0	
0	0	0	0	0	1.00636e-007	1.10292e-006	3.61093e-006	4.51613e-006	3.61093e-006	1.10292e-006	1.00636e-007	0	0	0	0	0	
0	0	0	0	5.88328e-008	9.79488e-007	5.41287e-006	1.22095e-005	1.40504e-005	1.22095e-005	5.41287e-006	9.79488e-007	5.88328e-008	0	0	0	0	
0	0	0	5.88328e-008	1.22402e-006	8.92242e-006	2.81809e-005	4.39063e-005	5.03913e-005	4.39063e-005	2.81809e-005	8.92242e-006	1.22402e-006	5.88328e-008	0	0	0	
0	0	1.00636e-007	9.79488e-007	8.92242e-006	3.69215e-005	7.5346e-005	0.000100831	0.00012588	0.000100831	7.5346e-005	3.69215e-005	8.92242e-006	9.79488e-007	1.00636e-007	0	0	
0	2.69112e-008	1.10292e-006	5.41287e-006	2.81809e-005	7.5346e-005	0.000124044	0.000195502	0.000257681	0.000195502	0.000124044	7.5346e-005	2.81809e-005	5.41287e-006	1.10292e-006	2.69112e-008	0	
0	2.38078e-007	3.61093e-006	1.22095e-005	4.39063e-005	0.000100831	0.000195502	0.000368103	0.000580426	0.000368103	0.000195502	0.000100831	4.39063e-005	1.22095e-005	3.61093e-006	2.38078e-007	0	
0	5.11076e-007	4.51613e-006	1.40504e-005	5.03913e-005	0.00012588	0.000257681	0.000580426	0.00149969	0.000580426	0.000257681	0.00012588	5.03913e-005	1.40504e-005	4.51613e-006	5.11076e-007	0	
0	2.38078e-007	3.61093e-006	1.22095e-005	4.39063e-005	0.000100831	0.000195502	0.000368103	0.000580426	0.000368103	0.000195502	0.000100831	4.39063e-005	1.22095e-005	3.61093e-006	2.38078e-007	0	
0	2.69112e-008	1.10292e-006	5.41287e-006	2.81809e-005	7.5346e-005	0.000124044	0.000195502	0.000257681	0.000195502	0.000124044	7.5346e-005	2.81809e-005	5.41287e-006	1.10292e-006	2.69112e-008	0	
0	0	1.00636e-007	9.79488e-007	8.92242e-006	3.69215e-005	7.5346e-005	0.000100831	0.00012588	0.000100831	7.5346e-005	3.69215e-005	8.92242e-006	9.79488e-007	1.00636e-007	0	0	
0	0	0	5.88328e-008	1.22402e-006	8.92242e-006	2.81809e-005	4.39056e-005	5.03928e-005	4.39056e-005	2.81809e-005	8.92242e-006	1.22402e-006	5.88328e-008	0	0	0	
0	0	0	0	5.88328e-008	9.79488e-007	5.40568e-006	1.21938e-005	1.40962e-005	1.21938e-005	5.40568e-006	9.79447e-007	5.89161e-008	-4.1652e-011	0	0	0	
0	0	0	0	0	6.92713e-008	9.0781e-007	3.57896e-006	5.03302e-006	3.57896e-006	9.0748e-007	6.80097e-008	3.1834e-009	-1.55336e-009	-7.90557e-011	0	0	
0	0	0	0	0	0	1.99407e-008	2.15733e-007	5.69707e-007	2.15733e-007	1.99407e-008	-3.38915e-011	6.77829e-011	-3.38915e-011	0	0	0	
0	0	0	0	0	0	0	0	0	0	0	0	0	0	0	0	0	

0	0	0	0	0	0	0	0	0	0	0	0	0	0	0	0	0	
0	0	0	0	0	2.33405e-008	3.03001e-007	1.22194e-006	1.79768e-006	1.22194e-006	3.03001e-007	2.33405e-008	0	0	0	0	0	
0	0	0	0	7.06261e-008	1.01866e-006	4.88916e-006	9.84271e-006	1.11612e-005	9.84271e-006	4.88916e-006	1.01866e-006	7.06261e-008	0	0	0	0	
0	0	0	2.93896e-008	6.09364e-007	4.49764e-006	1.47211e-005	2.4093e-005	2.74244e-005	2.4093e-005	1.47211e-005	4.49764e-006	6.09364e-007	2.93896e-008	0	0	0	
0	0	7.06261e-008	6.09364e-007	5.58082e-006	2.35536e-005	4.96429e-005	6.58687e-005	7.80573e-005	6.58687e-005	4.96429e-005	2.35536e-005	5.58082e-006	6.09364e-007	7.06261e-008	0	0	
0	2.33405e-008	1.01866e-006	4.49764e-006	2.35536e-005	6.32139e-005	9.90324e-005	0.000136798	0.000164786	0.000136798	9.90324e-005	6.32139e-005	2.35536e-005	4.49764e-006	1.01866e-006	2.33405e-008	0	
0	3.03001e-007	4.88916e-006	1.47211e-005	4.96429e-005	9.90324e-005	0.00016001	0.000263068	0.000331344	0.000263068	0.00016001	9.90324e-005	4.96429e-005	1.47211e-005	4.88916e-006	3.03001e-007	0	
0	1.22194e-006	9.84271e-006	2.4093e-005	6.58687e-005	0.000136798	0.000263068	0.000479465	0.000758589	0.000479465	0.000263068	0.000136798	6.58687e-005	2.4093e-005	9.84271e-006	1.22194e-006	0	
0	1.79768e-006	1.11612e-005	2.74244e-005	7.80573e-005	0.000164786	0.000331344	0.000758589	0.00193046	0.000758589	0.000331344	0.000164786	7.80573e-005	2.74244e-005	1.11612e-005	1.79768e-006	0	
0	1.22194e-006	9.84271e-006	2.4093e-005	6.58687e-005	0.000136798	0.000263068	0.000479465	0.000758589	0.000479465	0.000263068	0.000136798	6.58687e-005	2.4093e-005	9.84271e-006	1.22194e-006	0	
0	3.03001e-007	4.88916e-006	1.47211e-005	4.96429e-005	9.90324e-005	0.00016001	0.000263068	0.000331344	0.000263068	0.00016001	9.90324e-005	4.96429e-005	1.47211e-005	4.88916e-006	3.03001e-007	0	
0	2.33405e-008	1.01866e-006	4.49764e-006	2.35536e-005	6.32139e-005	9.90324e-005	0.000136798	0.000164786	0.000136798	9.90324e-005	6.32139e-005	2.35536e-005	4.49764e-006	1.01866e-006	2.33405e-008	0	
0	0	7.06261e-008	6.09364e-007	5.58082e-006	2.35536e-005	4.96409e-005	6.58644e-005	7.80699e-005	6.58644e-005	4.96409e-005	2.35536e-005	5.58084e-006	6.09353e-007	7.06261e-008	0	0	
0	0	0	2.93896e-008	6.09364e-007	4.48806e-006	1.46615e-005	2.40818e-005	2.75849e-005	2.40818e-005	1.46615e-005	4.48773e-006	6.10216e-007	2.89833e-008	-5.33319e-011	0	0	
0	0	0	0	4.23574e-008	7.33657e-007	4.27041e-006	1.02681e-005	1.21745e-005	1.02677e-005	4.26704e-006	7.30101e-007	5.68787e-008	-6.8462e-009	-8.0055e-010	-1.59561e-011	0	
0	0	0	0	0	1.48586e-008	2.34878e-007	1.17069e-006	2.05339e-006	1.17069e-006	2.3481e-007	1.45345e-008	6.50367e-010	-2.46955e-010	-4.96783e-011	0	0	
0	0	0	0	0	0	0	0	0	0	0	0	0	0	0	0	0	

0	0	0	0	0	0	0	0	0	0	0	0	0	0	0	0	0	
0	0	0	0	1.68815e-008	2.86135e-007	1.68146e-006	4.23286e-006	5.21564e-006	4.23286e-006	1.68146e-006	2.86135e-007	1.68815e-008	0	0	0	0	
0	0	0	4.3963e-008	7.82356e-007	4.94788e-006	1.40149e-005	2.10503e-005	2.40719e-005	2.10503e-005	1.40149e-005	4.94788e-006	7.82356e-007	4.3963e-008	0	0	0	
0	0	4.3963e-008	3.33922e-007	3.09434e-006	1.34952e-005	3.01024e-005	4.13726e-005	4.77535e-005	4.13726e-005	3.01024e-005	1.34952e-005	3.09434e-006	3.33922e-007	4.3963e-008	0	0	
0	1.68815e-008	7.82356e-007	3.09434e-006	1.64324e-005	4.53585e-005	7.22549e-005	9.41046e-005	0.00010865	9.41046e-005	7.22549e-005	4.53585e-005	1.64324e-005	3.09434e-006	7.82356e-007	1.68815e-008	0	
0	2.86135e-007	4.94788e-006	1.34952e-005	4.53585e-005	8.75872e-005	0.0001261	0.000184146	0.00020965	0.000184146	0.0001261	8.75872e-005	4.53585e-005	1.34952e-005	4.94788e-006	2.86135e-007	0	
0	1.68146e-006	1.40149e-005	3.01024e-005	7.22549e-005	0.0001261	0.000216996	0.000344458	0.000436013	0.000344458	0.000216996	0.0001261	7.22549e-005	3.01024e-005	1.40149e-005	1.68146e-006	0	
0	4.23286e-006	2.10503e-005	4.13726e-005	9.41046e-005	0.000184146	0.000344458	0.000622162	0.000983304	0.000622162	0.000344458	0.000184146	9.41046e-005	4.13726e-005	2.10503e-005	4.23286e-006	0	
0	5.21564e-006	2.40719e-005	4.77535e-005	0.00010865	0.00020965	0.000436013	0.000983304	0.00247257	0.000983304	0.000436013	0.00020965	0.00010865	4.77535e-005	2.40719e-005	5.21564e-006	0	
0	4.23286e-006	2.10503e-005	4.13726e-005	9.41046e-005	0.000184146	0.000344458	0.000622162	0.000983304	0.000622162	0.000344458	0.000184146	9.41046e-005	4.13726e-005	2.10503e-005	4.23286e-006	0	
0	1.68146e-006	1.40149e-005	3.01024e-005	7.22549e-005	0.0001261	0.000216996	0.000344458	0.000436013	0.000344458	0.000216996	0.0001261	7.22549e-005	3.01024e-005	1.40149e-005	1.68146e-006	0	
0	2.86135e-007	4.94788e-006	1.34952e-005	4.53585e-005	8.75872e-005	0.000126099	0.000184145	0.000209654	0.000184145	0.000126099	8.75872e-005	4.53585e-005	1.34952e-005	4.94788e-006	2.86135e-007	0	
0	1.68815e-008	7.82356e-007	3.09434e-006	1.64324e-005	4.53556e-005	7.2237e-005	9.41009e-005	0.000108699	9.41009e-005	7.2237e-005	4.53555e-005	1.64326e-005	3.09423e-006	7.82329e-007	1.68815e-008	0	
0	0	4.3963e-008	3.33922e-007	3.08493e-006	1.34001e-005	2.98909e-005	4.15068e-005	4.81173e-005	4.15067e-005	2.98898e-005	1.33991e-005	3.08913e-006	3.32055e-007	4.33843e-008	-1.25599e-011	0	
0	0	0	2.28001e-008	4.90084e-007	3.78087e-006	1.30817e-005	2.25976e-005	2.58044e-005	2.25933e-005	1.30656e-005	3.77983e-006	5.32706e-007	3.70622e-009	-3.83673e-009	-1.93466e-010	0	
0	0	0	0	9.20283e-009	1.89718e-007	1.37519e-006	4.27841e-006	5.94526e-006	4.27833e-006	1.37435e-006	1.88293e-007	1.19507e-008	-2.86089e-010	-5.00547e-010	-1.18225e-011	0	
0	0	0	0	0	0	0	0	0	0	0	0	0	0	0	0	0	

0	0	0	0	0	0	0	0	0	0	0	0	0	0	0	0	0	
0	0	0	1.07731e-008	2.23664e-007	1.71656e-006	6.14174e-006	1.13059e-005	1.30892e-005	1.13059e-005	6.14174e-006	1.71656e-006	2.23664e-007	1.07731e-008	0	0	0	
0	0	2.28723e-008	5.26856e-007	4.14465e-006	1.52917e-005	2.96808e-005	3.89737e-005	4.4548e-005	3.89737e-005	2.96808e-005	1.52917e-005	4.14465e-006	5.26856e-007	4.03121e-008	0	0	
0	1.07731e-008	5.4538e-007	1.87358e-006	1.02459e-005	2.9883e-005	5.06947e-005	6.55718e-005	7.42439e-005	6.55718e-005	5.06947e-005	2.9883e-005	1.02459e-005	1.87358e-006	5.2794e-007	1.07731e-008	0	
0	2.23664e-007	4.14465e-006	1.02459e-005	3.50709e-005	6.92454e-005	9.65268e-005	0.000129835	0.000141994	0.000129835	9.65268e-005	6.92454e-005	3.50709e-005	1.02459e-005	4.14465e-006	2.23664e-007	0	
0	1.71656e-006	1.52917e-005	2.9883e-005	6.92454e-005	0.000110104	0.0001673	0.000240917	0.000273086	0.000240917	0.0001673	0.000110104	6.92454e-005	2.9883e-005	1.52917e-005	1.71656e-006	0	
0	6.14174e-006	2.96808e-005	5.06947e-005	9.65268e-005	0.0001673	0.000292249	0.000446201	0.000575105	0.000446201	0.000292249	0.0001673	9.65268e-005	5.06947e-005	2.96808e-005	6.14174e-006	0	
0	1.13059e-005	3.89737e-005	6.55718e-005	0.000129835	0.000240917	0.000446201	0.00080654	0.00126289	0.00080654	0.000446201	0.000240917	0.000129835	6.55718e-005	3.89737e-005	1.13059e-005	0	
0	1.30892e-005	4.4548e-005	7.42439e-005	0.000141994	0.000273086	0.000575105	0.00126289	0.00315111	0.00126289	0.000575105	0.000273086	0.000141994	7.42439e-005	4.4548e-005	1.30892e-005	0	
0	1.13059e-005	3.89737e-005	6.55718e-005	0.000129835	0.000240917	0.000446201	0.00080654	0.00126289	0.00080654	0.000446201	0.000240917	0.000129835	6.55718e-005	3.89737e-005	1.13059e-005	0	
0	6.14174e-006	2.96808e-005	5.06947e-005	9.65268e-005	0.0001673	0.000292248	0.000446201	0.000575106	0.000446201	0.000292248	0.0001673	9.65268e-005	5.06947e-005	2.96808e-005	6.14174e-006	0	
0	1.71656e-006	1.52917e-005	2.9883e-005	6.92454e-005	0.000110103	0.000167295	0.000240916	0.000273101	0.000240916	0.000167295	0.000110103	6.92454e-005	2.9883e-005	1.52917e-005	1.71656e-006	0	
0	2.23664e-007	4.14465e-006	1.02459e-005	3.50678e-005	6.92142e-005	9.64562e-005	0.000129877	0.00014212	0.000129877	9.64559e-005	6.9214e-005	3.5069e-005	1.02454e-005	4.14433e-006	2.23657e-007	0	
0	1.07731e-008	5.28801e-007	1.86598e-006	1.01402e-005	2.94519e-005	5.03161e-005	6.61383e-005	7.49566e-005	6.61369e-005	5.03109e-005	2.94518e-005	1.01535e-005	1.86066e-006	5.25863e-007	1.06095e-008	0	
0	0	2.94873e-008	2.85807e-007	2.75375e-006	1.25644e-005	2.94919e-005	4.17967e-005	4.80249e-005	4.17729e-005	2.94456e-005	1.25899e-005	2.8463e-006	2.47517e-007	1.79861e-008	-1.1347e-009	0	
0	0	0	5.0067e-009	1.266e-007	1.1974e-006	5.33131e-006	1.1928e-005	1.47099e-005	1.19269e-005	5.32626e-006	1.19361e-006	1.32583e-007	9.56701e-009	-2.11973e-009	-1.46303e-010	0	
0	0	0	0	0	0	0	0	0	0	0	0	0	0	0	0	0	

0	0	0	0	0	0	0	0	0	0	0	0	0	0	0	0	0	
0	0	6.20328e-009	1.50734e-007	1.44478e-006	6.70314e-006	1.6709e-005	2.52047e-005	2.8657e-005	2.52047e-005	1.6709e-005	6.70314e-006	1.44478e-006	1.50734e-007	2.30574e-008	0	0	
0	5.82882e-009	3.11881e-007	3.01835e-006	1.3878e-005	3.38792e-005	5.12902e-005	6.53196e-005	7.14686e-005	6.53196e-005	5.12902e-005	3.38792e-005	1.3878e-005	3.02656e-006	5.17759e-007	9.78564e-009	0	
0	1.56646e-007	3.25432e-006	6.93231e-006	2.48994e-005	5.27814e-005	7.60517e-005	9.76931e-005	0.00010598	9.76931e-005	7.60517e-005	5.27814e-005	2.48994e-005	6.92798e-006	3.03903e-006	1.52689e-007	0	
0	1.44478e-006	1.38859e-005	2.48994e-005	5.83799e-005	9.17843e-005	0.000128534	0.000171977	0.000185085	0.000171977	0.000128534	9.17843e-005	5.83799e-005	2.48994e-005	1.38784e-005	1.44478e-006	0	
0	6.70314e-006	3.38792e-005	5.27814e-005	9.17843e-005	0.000140782	0.000226134	0.000310865	0.000363145	0.000310865	0.000226134	0.000140782	9.17843e-005	5.27814e-005	3.38792e-005	6.70314e-006	0	
0	1.6709e-005	5.12902e-005	7.60517e-005	0.000128534	0.000226134	0.00038199	0.000580416	0.000746157	0.000580416	0.00038199	0.000226134	0.000128534	7.60517e-005	5.12902e-005	1.6709e-005	0	
0	2.52047e-005	6.53196e-005	9.76931e-005	0.000171977	0.000310865	0.000580416	0.00103888	0.00161435	0.00103888	0.000580416	0.000310865	0.000171977	9.76931e-005	6.53196e-005	2.52047e-005	0	
0	2.8657e-005	7.14686e-005	0.00010598	0.000185085	0.000363145	0.000746157	0.00161435	0.00399585	0.00161435	0.000746157	0.000363145	0.000185085	0.00010598	7.14686e-005	2.8657e-005	0	
0	2.52047e-005	6.53196e-005	9.76931e-005	0.000171977	0.000310865	0.000580416	0.00103888	0.00161435	0.00103888	0.000580416	0.000310865	0.000171977	9.76931e-005	6.53196e-005	2.52047e-005	0	
0	1.6709e-005	5.12902e-005	7.60517e-005	0.000128534	0.000226134	0.000381988	0.000580416	0.000746161	0.000580416	0.000381988	0.000226134	0.000128534	7.60517e-005	5.12902e-005	1.6709e-005	0	
0	6.70314e-006	3.38792e-005	5.27814e-005	9.17833e-005	0.000140772	0.000226111	0.000310877	0.000363187	0.000310877	0.000226111	0.000140772	9.17837e-005	5.27813e-005	3.38791e-005	6.70314e-006	0	
0	1.44478e-006	1.38788e-005	2.48967e-005	5.83426e-005	9.16298e-005	0.000128388	0.000172177	0.000185364	0.000172177	0.000128386	9.16298e-005	5.83467e-005	2.48952e-005	1.38771e-005	1.44468e-006	0	
0	1.533e-007	3.04198e-006	6.83439e-006	2.43476e-005	5.16396e-005	7.58537e-005	9.89203e-005	0.000107506	9.89118e-005	7.58375e-005	5.16488e-005	2.43786e-005	6.82387e-006	3.03284e-006	1.52276e-007	0	
0	7.16395e-009	3.85553e-007	1.74901e-006	9.94581e-006	3.01902e-005	5.30644e-005	6.91443e-005	7.84382e-005	6.90621e-005	5.29793e-005	3.0292e-005	1.01131e-005	1.68795e-006	3.61431e-007	2.88823e-009	0	
0	0	1.49353e-008	7.34508e-008	8.58433e-007	4.96608e-006	1.5412e-005	2.72838e-005	3.19051e-005	2.72767e-005	1.53923e-005	4.95878e-006	8.61916e-007	1.0658e-007	1.11719e-008	-8.2477e-010	0	
0	0	0	0	0	0	0	0	0	0	0	0	0	0	0	0	0	

0	0	0	0	0	0	0	0	0	0	0	0	0	0	0	0	0	
0	1.90802e-009	9.62849e-008	1.02274e-006	6.04152e-006	1.91691e-005	3.65031e-005	4.91472e-005	5.49032e-005	4.91472e-005	3.65031e-005	1.91691e-005	6.04152e-006	1.02969e-006	3.21667e-007	6.15189e-009	0	
0	9.2142e-008	2.04742e-006	1.09356e-005	3.28553e-005	5.84525e-005	7.89874e-005	9.94841e-005	0.000104156	9.94841e-005	7.89874e-005	5.84525e-005	3.28589e-005	1.10373e-005	3.16197e-006	1.46962e-007	0	
0	1.11166e-006	1.235e-005	1.90845e-005	4.76614e-005	7.95916e-005	0.000107988	0.000137031	0.000144807	0.000137031	0.000107988	7.95916e-005	4.76603e-005	1.90288e-005	1.11033e-005	1.05454e-006	0	
0	6.04378e-006	3.29628e-005	4.76634e-005	8.16509e-005	0.000117655	0.000173482	0.000222678	0.000246344	0.000222678	0.000173482	0.000117655	8.16509e-005	4.76604e-005	3.28646e-005	6.04184e-006	0	
0	1.91691e-005	5.84559e-005	7.95916e-005	0.000117655	0.000189621	0.000299363	0.000405343	0.000478279	0.000405343	0.000299363	0.000189621	0.000117655	7.95916e-005	5.84527e-005	1.91691e-005	0	
0	3.65031e-005	7.89874e-005	0.000107988	0.000173482	0.000299363	0.000492997	0.000753652	0.000955598	0.000753652	0.000492997	0.000299363	0.000173482	0.000107988	7.89874e-005	3.65031e-005	0	
0	4.91472e-005	9.94841e-005	0.000137031	0.000222678	0.000405343	0.000753652	0.00132967	0.00205631	0.00132967	0.000753652	0.000405343	0.000222678	0.000137031	9.94841e-005	4.91472e-005	0	
0	5.49032e-005	0.000104156	0.000144807	0.000246344	0.000478279	0.000955598	0.00205631	0.00504177	0.00205631	0.000955598	0.000478279	0.000246344	0.000144807	0.000104156	5.49032e-005	0	
0	4.91472e-005	9.94841e-005	0.000137031	0.000222678	0.000405343	0.000753652	0.00132967	0.00205631	0.00132967	0.000753652	0.000405343	0.000222678	0.000137031	9.94841e-005	4.91472e-005	0	
0	3.65031e-005	7.89874e-005	0.000107988	0.000173481	0.00029936	0.000492989	0.000753656	0.000955612	0.000753656	0.000492989	0.00029936	0.000173482	0.000107988	7.89874e-005	3.65031e-005	0	
0	1.91691e-005	5.84529e-005	7.95906e-005	0.000117642	0.000189567	0.000299309	0.000405412	0.000478384	0.000405412	0.000299308	0.000189567	0.000117644	7.95902e-005	5.8452e-005	1.91691e-005	0	
0	6.04198e-006	3.28649e-005	4.76252e-005	8.14393e-005	0.000117198	0.000173363	0.00022318	0.00024699	0.000223177	0.000173357	0.000117201	8.14497e-005	4.76221e-005	3.28592e-005	6.04133e-006	0	
0	1.06227e-006	1.1064e-005	1.84878e-005	4.59201e-005	7.77383e-005	0.000108594	0.000139024	0.000148032	0.000138992	0.000108561	7.77765e-005	4.59801e-005	1.84725e-005	1.10448e-005	1.05819e-006	0	
0	1.09303e-007	2.41126e-006	6.93671e-006	2.58122e-005	5.61925e-005	8.20782e-005	0.00010553	0.000115007	0.000105342	8.19904e-005	5.64261e-005	2.60932e-005	6.85206e-006	2.37373e-006	9.76959e-008	0	
0	3.82069e-009	2.11858e-007	5.33194e-007	3.81109e-006	1.51954e-005	3.5568e-005	5.37055e-005	6.1226e-005	5.36747e-005	3.55115e-005	1.51812e-005	3.79198e-006	6.63161e-007	2.17327e-007	1.20506e-009	0	
0	0	0	0	0	0	0	0	0	0	0	0	0	0	0	0	0	

0	0	0	0	0	0	0	0	0	0	0	0	0	0	0	0	0	
0	3.35711e-008	7.26425e-007	4.4653e-006	1.83428e-005	4.29925e-005	6.76422e-005	8.57004e-005	9.31683e-005	8.57004e-005	6.76422e-005	4.29925e-005	1.83443e-005	4.56959e-006	2.13153e-006	9.95107e-008	0	
0	7.10794e-007	8.55938e-006	2.80591e-005	5.89842e-005	8.58297e-005	0.000114867	0.000138808	0.000145591	0.000138808	0.000114867	8.58312e-005	5.90301e-005	2.86315e-005	1.21135e-005	1.06868e-006	0	
0	5.10959e-006	3.3276e-005	4.18249e-005	7.60856e-005	0.000109801	0.00014928	0.000183177	0.000195073	0.000183177	0.00014928	0.0001098	7.60714e-005	4.14884e-005	2.88394e-005	4.71436e-006	0	
0	1.8379e-005	5.96688e-005	7.61142e-005	0.000105929	0.000156945	0.000231857	0.000291235	0.000328351	0.000291235	0.000231857	0.000156945	0.000105928	7.6073e-005	5.90626e-005	1.83489e-005	0	
0	4.29935e-005	8.58784e-005	0.000109802	0.000156945	0.00025733	0.000388575	0.000532941	0.000618268	0.000532941	0.000388575	0.00025733	0.000156945	0.0001098	8.58338e-005	4.29926e-005	0	
0	6.76422e-005	0.000114868	0.00014928	0.000231857	0.000388575	0.000637484	0.000969099	0.00121986	0.000969099	0.000637484	0.000388575	0.000231857	0.00014928	0.000114867	6.76422e-005	0	
0	8.57004e-005	0.000138808	0.000183177	0.000291235	0.000532941	0.000969099	0.0016957	0.00260604	0.0016957	0.000969099	0.000532941	0.000291235	0.000183177	0.000138808	8.57004e-005	0	
0	9.31683e-005	0.000145591	0.000195073	0.000328351	0.000618268	0.00121986	0.00260604	0.00632972	0.00260604	0.00121986	0.000618268	0.000328351	0.000195073	0.000145591	9.31683e-005	0	
0	8.57004e-005	0.000138808	0.000183177	0.000291235	0.00053294	0.000969097	0.0016957	0.00260605	0.0016957	0.000969097	0.00053294	0.000291235	0.000183177	0.000138808	8.57004e-005	0	
0	6.76422e-005	0.000114867	0.00014928	0.000231853	0.000388557	0.000637465	0.000969122	0.0012199	0.000969122	0.000637465	0.000388557	0.000231853	0.00014928	0.000114867	6.76422e-005	0	
0	4.29927e-005	8.58337e-005	0.000109787	0.000156867	0.000257155	0.000388516	0.000533137	0.00061853	0.000533135	0.000388514	0.000257156	0.00015687	0.000109786	8.58305e-005	4.29923e-005	0	
0	1.83501e-005	5.90289e-005	7.58522e-005	0.000105193	0.000156083	0.000232033	0.000292183	0.000329799	0.000292172	0.000232021	0.000156097	0.000105214	7.58479e-005	5.90168e-005	1.83474e-005	0	
0	4.75912e-006	2.84427e-005	3.95688e-005	7.24816e-005	0.000108128	0.000150857	0.000186527	0.000200617	0.000186449	0.000150819	0.000108223	7.25886e-005	3.95524e-005	2.84146e-005	4.74758e-006	0	
0	8.10778e-007	9.52854e-006	1.9984e-005	5.12525e-005	8.62425e-005	0.000117379	0.000150251	0.000158605	0.00014998	0.000117382	8.66367e-005	5.17112e-005	1.98831e-005	9.48583e-006	7.86725e-007	0	
0	6.26411e-008	1.43682e-006	2.54846e-006	1.24218e-005	3.65809e-005	6.8718e-005	9.38156e-005	0.000104706	9.37226e-005	6.85878e-005	3.65426e-005	1.23571e-005	2.9125e-006	1.49243e-006	5.8714e-008	0	
0	0	0	0	0	0	0	0	0	0	0	0	0	0	0	0	0	

0	0	0	0	0	0	0	0	0	0	0	0	0	0	0	0	0	
0	2.89469e-007	3.53244e-006	1.40638e-005	4.31062e-005	7.95281e-005	0.000110756	0.000134858	0.000142906	0.000134858	0.000110756	7.95286e-005	4.31302e-005	1.48019e-005	8.84341e-006	7.77633e-007	0	
0	3.55089e-006	2.54337e-005	5.46974e-005	8.66301e-005	0.000118608	0.000159963	0.000185164	0.000199634	0.000185164	0.000159963	0.000118629	8.69019e-005	5.65643e-005	3.24085e-005	4.99062e-006	0	
0	1.70367e-005	6.76545e-005	7.61619e-005	0.000107599	0.000147305	0.000201307	0.000239867	0.000260473	0.000239867	0.000201307	0.000147301	0.000107513	7.49077e-005	5.6982e-005	1.53033e-005	0	
0	4.33844e-005	8.93015e-005	0.000107796	0.000140791	0.000215501	0.000304871	0.000387613	0.000430941	0.000387613	0.000304871	0.000215501	0.000140776	0.000107522	8.70117e-005	4.31613e-005	0	
0	7.95439e-005	0.000118937	0.000147325	0.000215502	0.000340455	0.000504091	0.000694362	0.000793482	0.000694362	0.000504091	0.000340455	0.000215501	0.000147302	0.000118645	7.95298e-005	0	
0	0.000110756	0.000159985	0.000201308	0.000304871	0.000504091	0.000823287	0.0012369	0.00155483	0.0012369	0.000823287	0.000504091	0.000304871	0.000201307	0.000159965	0.000110756	0	
0	0.000134858	0.000185165	0.000239867	0.000387613	0.000694362	0.0012369	0.00215352	0.00328486	0.00215352	0.0012369	0.000694362	0.000387613	0.000239867	0.000185164	0.000134858	0	
0	0.000142906	0.000199634	0.000260473	0.000430941	0.000793482	0.00155483	0.00328486	0.00790706	0.00328486	0.00155483	0.000793482	0.000430941	0.000260473	0.000199634	0.000142906	0	
0	0.000134858	0.000185164	0.000239867	0.000387611	0.000694355	0.00123689	0.00215353	0.00328487	0.00215353	0.00123689	0.000694355	0.000387612	0.000239866	0.000185164	0.000134858	0	
0	0.000110756	0.000159964	0.000201303	0.000304842	0.000504026	0.000823261	0.00123697	0.00155493	0.00123697	0.00082326	0.000504027	0.000304844	0.000201302	0.000159963	0.000110756	0	
0	7.953e-005	0.000118624	0.000147215	0.000215204	0.00034008	0.00050413	0.000694782	0.000794107	0.000694777	0.000504126	0.000340084	0.000215211	0.000147214	0.000118617	7.95284e-005	0	
0	4.31617e-005	8.67092e-005	0.000106661	0.000139065	0.000214494	0.000305567	0.000389351	0.000433666	0.00038932	0.000305551	0.000214531	0.000139106	0.000106658	8.66921e-005	4.31537e-005	0	
0	1.54577e-005	5.52408e-005	7.03272e-005	0.000102647	0.000146864	0.000203367	0.000246083	0.000268043	0.000245956	0.000203364	0.000147039	0.000102833	7.03198e-005	5.52136e-005	1.54332e-005	0	
0	3.87965e-006	2.65244e-005	4.45117e-005	8.20416e-005	0.000118153	0.000163433	0.000202948	0.000215543	0.000202808	0.000163628	0.000118709	8.27378e-005	4.44414e-005	2.65035e-005	3.84113e-006	0	
0	4.98572e-007	6.15378e-006	9.00193e-006	3.16379e-005	7.23635e-005	0.000115396	0.000148157	0.000161496	0.000147952	0.000115135	7.22568e-005	3.15526e-005	9.80406e-006	6.34487e-006	5.03889e-007	0	
0	0	0	0	0	0	0	0	0	0	0	0	0	0	0	0	0	

0	0	0	0	0	0	0	0	0	0	0	0	0	0	0	0	0	
0	1.62428e-006	1.23868e-005	3.40754e-005	8.20134e-005	0.000126762	0.000164672	0.000193417	0.000202434	0.000193417	0.000164672	0.00012677	8.21956e-005	3.73006e-005	2.55111e-005	3.88893e-006	0	
0	1.28626e-005	5.69678e-005	8.69775e-005	0.000116715	0.000164594	0.000214287	0.000248598	0.000267481	0.000248598	0.000214297	0.000164724	0.00011764	9.05853e-005	6.4197e-005	1.67543e-005	0	
0	4.38013e-005	0.000109142	0.000118836	0.000144286	0.00019833	0.000265142	0.000315478	0.000343147	0.000315478	0.000265141	0.00019831	0.000143964	0.00011564	9.11031e-005	3.84278e-005	0	
0	8.3374e-005	0.000123676	0.000145122	0.000196442	0.000291896	0.000400122	0.000513861	0.000559862	0.000513861	0.000400122	0.000291891	0.000196338	0.000143999	0.000117877	8.23272e-005	0	
0	0.000126889	0.000165956	0.00019848	0.000291901	0.000442904	0.000656226	0.000891908	0.00101879	0.000891908	0.000656226	0.000442904	0.000291891	0.000198317	0.000164781	0.000126779	0	
0	0.000164679	0.000214445	0.000265153	0.000400122	0.000656226	0.00105625	0.00157424	0.00197292	0.00157424	0.00105625	0.000656226	0.000400122	0.000265142	0.000214304	0.000164672	0	
0	0.000193417	0.000248608	0.000315479	0.000513861	0.000891908	0.00157423	0.0027186	0.00412091	0.0027186	0.00157423	0.000891908	0.000513861	0.000315478	0.000248599	0.000193417	0	
0	0.000202434	0.000267481	0.000343147	0.000559861	0.00101879	0.00197292	0.00412091	0.0098282	0.00412091	0.00197292	0.00101879	0.000559861	0.000343147	0.000267481	0.000202434	0	
0	0.000193417	0.000248599	0.000315477	0.000513851	0.000891885	0.00157422	0.00271863	0.00412094	0.00271863	0.00157422	0.000891885	0.000513851	0.000315477	0.000248598	0.000193417	0	
0	0.000164672	0.000214293	0.000265109	0.000400006	0.000656071	0.00105626	0.00157441	0.00197318	0.00157441	0.00105626	0.000656072	0.000400008	0.000265108	0.000214289	0.000164671	0	
0	0.000126775	0.000164594	0.000197948	0.000291122	0.000442371	0.000656503	0.000892752	0.00102007	0.000892739	0.000656496	0.000442385	0.000291137	0.000197946	0.000164584	0.00012677	0	
0	8.22817e-005	0.000116518	0.000141688	0.000193605	0.000291288	0.000401349	0.000517164	0.000564048	0.000517108	0.000401345	0.000291363	0.000193682	0.000141693	0.000116504	8.22641e-005	0	
0	3.87758e-005	8.65437e-005	0.000108111	0.000139795	0.000198476	0.000268107	0.000325604	0.000352883	0.000325512	0.000268198	0.000198749	0.000140099	0.000108142	8.65382e-005	3.87363e-005	0	
0	1.34112e-005	5.51777e-005	8.00204e-005	0.00011359	0.000158589	0.00022463	0.000269131	0.000293132	0.000269545	0.000225036	0.00015932	0.000114522	8.01095e-005	5.5249e-005	1.33682e-005	0	
0	2.55492e-006	1.85439e-005	2.49966e-005	6.56093e-005	0.000121858	0.000173777	0.000214187	0.000228668	0.000213871	0.000173282	0.000121625	6.56466e-005	2.64656e-005	1.89873e-005	2.60642e-006	0	
0	0	0	0	0	0	0	0	0	0	0	0	0	0	0	0	0	

0	0	0	0	0	0	0	0	0	0	0	0	0	0	0	0	0	
0	6.64298e-006	3.32472e-005	6.65805e-005	0.000131521	0.00018121	0.000226186	0.000257724	0.000269582	0.000257725	0.000226189	0.000181272	0.000132386	7.60842e-005	5.39312e-005	1.39005e-005	0	
0	3.58772e-005	0.000100428	0.000124238	0.00016281	0.000228114	0.000284096	0.000337568	0.000352936	0.000337572	0.000284158	0.000228581	0.000164635	0.000127356	9.92688e-005	4.29701e-005	0	
0	9.03495e-005	0.000149785	0.000164155	0.000194331	0.000267592	0.00034603	0.000418481	0.000447462	0.000418481	0.000346027	0.000267526	0.000193494	0.000158263	0.000127665	7.78883e-005	0	
0	0.000136229	0.00017509	0.000196736	0.000273933	0.000385828	0.000527003	0.000668065	0.000726301	0.000668065	0.000527002	0.000385792	0.000273479	0.000193581	0.000164954	0.000132764	0	
0	0.000181862	0.000231862	0.000268273	0.00038587	0.000576483	0.000849894	0.00113828	0.00130441	0.00113828	0.000849894	0.000576479	0.000385794	0.000267555	0.000228714	0.000181313	0	
0	0.000226245	0.000284785	0.000346117	0.000527008	0.000849894	0.00134814	0.00199718	0.00249005	0.00199718	0.00134814	0.000849894	0.000527002	0.000346031	0.000284188	0.000226192	0	
0	0.000257728	0.000337643	0.000418487	0.000668065	0.00113828	0.00199718	0.00341253	0.00514546	0.00341253	0.00199718	0.00113828	0.000668065	0.000418481	0.000337576	0.000257725	0	
0	0.000269583	0.00035294	0.000447462	0.000726298	0.0013044	0.00249004	0.00514546	0.0121552	0.00514546	0.00249004	0.0013044	0.000726298	0.000447461	0.000352936	0.000269582	0	
0	0.000257725	0.00033757	0.000418469	0.000668021	0.00113822	0.00199718	0.0034126	0.00514556	0.0034126	0.00199718	0.00113822	0.000668022	0.000418469	0.000337568	0.000257724	0	
0	0.00022619	0.000284083	0.000345878	0.000526672	0.000849636	0.00134824	0.00199757	0.00249062	0.00199756	0.00134824	0.000849641	0.000526678	0.000345877	0.000284077	0.000226187	0	
0	0.000181262	0.000227829	0.000266447	0.000384384	0.000576008	0.000850517	0.00113996	0.00130659	0.00113994	0.000850513	0.000576039	0.000384415	0.00026645	0.000227822	0.000181251	0	
0	0.000132435	0.000161172	0.000189132	0.000270493	0.000385728	0.000529019	0.000673725	0.000732154	0.000673673	0.000529056	0.000385855	0.000270628	0.000189163	0.000161178	0.000132407	0	
0	7.84568e-005	0.000120326	0.000149917	0.000190659	0.000266158	0.000352378	0.000431497	0.000462085	0.000431643	0.000352618	0.000266555	0.000191103	0.000150053	0.00012039	7.84115e-005	0	
0	3.5595e-005	9.00906e-005	0.000121008	0.000151046	0.000220179	0.000303163	0.000360722	0.000393985	0.0003621	0.000303705	0.000221109	0.000152172	0.000121453	9.03913e-005	3.55874e-005	0	
0	9.43131e-006	4.16328e-005	5.66473e-005	0.000114509	0.000180713	0.000240832	0.000287468	0.00030366	0.000287201	0.000239925	0.000180353	0.000114945	5.89773e-005	4.24409e-005	9.60843e-006	0	
0	0	0	0	0	0	0	0	0	0	0	0	0	0	0	0	0	

0	0	0	0	0	0	0	0	0	0	0	0	0	0	0	0	0	
0	2.10203e-005	7.09723e-005	0.000109816	0.000185745	0.000240465	0.000291962	0.000327751	0.000343128	0.000327752	0.000291988	0.000240764	0.000188562	0.000128837	8.69073e-005	3.75803e-005	0	
0	8.00034e-005	0.000146911	0.000175523	0.000238346	0.000309142	0.000381954	0.000449334	0.000466588	0.000449364	0.000382191	0.000310112	0.000239739	0.000172466	0.00013116	8.76407e-005	0	
0	0.000154394	0.000195203	0.000211728	0.000267239	0.000357945	0.00045535	0.000553013	0.000583631	0.000553013	0.000455346	0.000357796	0.000265573	0.000203303	0.000172463	0.000131918	0	
0	0.000197883	0.000252285	0.000272026	0.000368166	0.000505162	0.000689304	0.000856689	0.000938397	0.000856689	0.000689292	0.000505	0.000366791	0.000265711	0.000239961	0.000189347	0	
0	0.000242821	0.000316095	0.000360039	0.00050537	0.000751412	0.0010911	0.0014512	0.00165878	0.0014512	0.0010911	0.000751381	0.000505009	0.000357874	0.000310305	0.0002409	0	
0	0.00029228	0.000383964	0.00045577	0.00068934	0.0010911	0.00171536	0.00252011	0.00312807	0.00252011	0.00171536	0.0010911	0.000689294	0.000455365	0.000382264	0.000292004	0	
0	0.000327779	0.000449681	0.000553058	0.000856691	0.0014512	0.00252011	0.00426511	0.00639192	0.00426511	0.00252011	0.0014512	0.000856688	0.000553015	0.000449379	0.000327754	0	
