0	0	0	0	0	0	0	0	0	0	0	0	0	0	0	0	0	
0	0	0	0	0	0	0	0	0	0	0	0	0	0	0	0	0	
0	0	0	0	0	0	0	0	0	0	0	0	0	0	0	0	0	
0	0	0	0	0	0	0	0	0	0	0	0	0	0	0	0	0	
0	0	0	0	0	0	0	0	0	0	0	0	0	0	0	0	0	
0	0	0	0	0	0	0	0	0	0	0	0	0	0	0	0	0	
0	0	0	0	0	0	0	0	0	0	0	0	0	0	0	0	0	
0	0	0	0	0	0	0	0	0	0	0	0	0	0	0	0	0	
0	0	0	0	0	0	0	0	0.00012341	0	0	0	0	0	0	0	0	
0	0	0	0	0	0	0	0	0	0	0	0	0	0	0	0	0	
0	0	0	0	0	0	0	0	0	0	0	0	0	0	0	0	0	
0	0	0	0	0	0	0	0	0	0	0	0	0	0	0	0	0	
0	0	0	0	0	0	0	0	0	0	0	0	0	0	0	0	0	
0	0	0	0	0	0	0	0	0	0	0	0	0	0	0	0	0	
0	0	0	0	0	0	0	0	0	0	0	0	0	0	0	0	0	
0	0	0	0	0	0	0	0	0	0	0	0	0	0	0	0	0	
0	0	0	0	0	0	0	0	0	0	0	0	0	0	0	0	0	

0	0	0	0	0	0	0	0	0	0	0	0	0	0	0	0	0	
0	0	0	0	0	0	0	0	0	0	0	0	0	0	0	0	0	
0	0	0	0	0	0	0	0	0	0	0	0	0	0	0	0	0	
0	0	0	0	0	0	0	0	0	0	0	0	0	0	0	0	0	
0	0	0	0	0	0	0	0	0	0	0	0	0	0	0	0	0	
0	0	0	0	0	0	0	0	0	0	0	0	0	0	0	0	0	
0	0	0	0	0	0	0	0	0	0	0	0	0	0	0	0	0	
0	0	0	0	0	0	0	0	3.08244e-005	0	0	0	0	0	0	0	0	
0	0	0	0	0	0	0	3.08244e-005	0.00016617	3.08244e-005	0	0	0	0	0	0	0	
0	0	0	0	0	0	0	0	3.08244e-005	0	0	0	0	0	0	0	0	
0	0	0	0	0	0	0	0	0	0	0	0	0	0	0	0	0	
0	0	0	0	0	0	0	0	0	0	0	0	0	0	0	0	0	
0	0	0	0	0	0	0	0	0	0	0	0	0	0	0	0	0	
0	0	0	0	0	0	0	0	0	0	0	0	0	0	0	0	0	
0	0	0	0	0	0	0	0	0	0	0	0	0	0	0	0	0	
0	0	0	0	0	0	0	0	0	0	0	0	0	0	0	0	0	
0	0	0	0	0	0	0	0	0	0	0	0	0	0	0	0	0	

0	0	0	0	0	0	0	0	0	0	0	0	0	0	0	0	0	
0	0	0	0	0	0	0	0	0	0	0	0	0	0	0	0	0	
0	0	0	0	0	0	0	0	0	0	0	0	0	0	0	0	0	
0	0	0	0	0	0	0	0	0	0	0	0	0	0	0	0	0	
0	0	0	0	0	0	0	0	0	0	0	0	0	0	0	0	0	
0	0	0	0	0	0	0	0	0	0	0	0	0	0	0	0	0	
0	0	0	0	0	0	0	0	7.69907e-006	0	0	0	0	0	0	0	0	
0	0	0	0	0	0	0	1.53981e-005	7.23571e-005	1.53981e-005	0	0	0	0	0	0	0	
0	0	0	0	0	0	7.69907e-006	7.23571e-005	0.00022263	7.23571e-005	7.69907e-006	0	0	0	0	0	0	
0	0	0	0	0	0	0	1.53981e-005	7.23571e-005	1.53981e-005	0	0	0	0	0	0	0	
0	0	0	0	0	0	0	0	7.69907e-006	0	0	0	0	0	0	0	0	
0	0	0	0	0	0	0	0	0	0	0	0	0	0	0	0	0	
0	0	0	0	0	0	0	0	0	0	0	0	0	0	0	0	0	
0	0	0	0	0	0	0	0	0	0	0	0	0	0	0	0	0	
0	0	0	0	0	0	0	0	0	0	0	0	0	0	0	0	0	
0	0	0	0	0	0	0	0	0	0	0	0	0	0	0	0	0	
0	0	0	0	0	0	0	0	0	0	0	0	0	0	0	0	0	

0	0	0	0	0	0	0	0	0	0	0	0	0	0	0	0	0	
0	0	0	0	0	0	0	0	0	0	0	0	0	0	0	0	0	
0	0	0	0	0	0	0	0	0	0	0	0	0	0	0	0	0	
0	0	0	0	0	0	0	0	0	0	0	0	0	0	0	0	0	
0	0	0	0	0	0	0	0	0	0	0	0	0	0	0	0	0	
0	0	0	0	0	0	0	0	1.92301e-006	0	0	0	0	0	0	0	0	
0	0	0	0	0	0	0	5.76904e-006	2.57789e-005	5.76904e-006	0	0	0	0	0	0	0	
0	0	0	0	0	0	5.76904e-006	5.15578e-005	0.000106821	5.15578e-005	5.76904e-006	0	0	0	0	0	0	
0	0	0	0	0	1.92301e-006	2.57789e-005	0.000106821	0.000296786	0.000106821	2.57789e-005	1.92301e-006	0	0	0	0	0	
0	0	0	0	0	0	5.76904e-006	5.15578e-005	0.000106821	5.15578e-005	5.76904e-006	0	0	0	0	0	0	
0	0	0	0	0	0	0	5.76904e-006	2.57789e-005	5.76904e-006	0	0	0	0	0	0	0	
0	0	0	0	0	0	0	0	1.92301e-006	0	0	0	0	0	0	0	0	
0	0	0	0	0	0	0	0	0	0	0	0	0	0	0	0	0	
0	0	0	0	0	0	0	0	0	0	0	0	0	0	0	0	0	
0	0	0	0	0	0	0	0	0	0	0	0	0	0	0	0	0	
0	0	0	0	0	0	0	0	0	0	0	0	0	0	0	0	0	
0	0	0	0	0	0	0	0	0	0	0	0	0	0	0	0	0	

0	0	0	0	0	0	0	0	0	0	0	0	0	0	0	0	0	
0	0	0	0	0	0	0	0	0	0	0	0	0	0	0	0	0	
0	0	0	0	0	0	0	0	0	0	0	0	0	0	0	0	0	
0	0	0	0	0	0	0	0	0	0	0	0	0	0	0	0	0	
0	0	0	0	0	0	0	0	4.80316e-007	0	0	0	0	0	0	0	0	
0	0	0	0	0	0	0	1.92126e-006	8.36362e-006	1.92126e-006	0	0	0	0	0	0	0	
0	0	0	0	0	0	2.8819e-006	2.50909e-005	4.81463e-005	2.50909e-005	2.8819e-006	0	0	0	0	0	0	
0	0	0	0	0	1.92126e-006	2.50909e-005	9.24501e-005	0.000140884	9.24501e-005	2.50909e-005	1.92126e-006	0	0	0	0	0	
0	0	0	0	4.80316e-007	8.36362e-006	4.81463e-005	0.000140884	0.000393669	0.000140884	4.81463e-005	8.36362e-006	4.80316e-007	0	0	0	0	
0	0	0	0	0	1.92126e-006	2.50909e-005	9.24501e-005	0.000140884	9.24501e-005	2.50909e-005	1.92126e-006	0	0	0	0	0	
0	0	0	0	0	0	2.8819e-006	2.50909e-005	4.81463e-005	2.50909e-005	2.8819e-006	0	0	0	0	0	0	
0	0	0	0	0	0	0	1.92126e-006	8.36362e-006	1.92126e-006	0	0	0	0	0	0	0	
0	0	0	0	0	0	0	0	4.80316e-007	0	0	0	0	0	0	0	0	
0	0	0	0	0	0	0	0	0	0	0	0	0	0	0	0	0	
0	0	0	0	0	0	0	0	0	0	0	0	0	0	0	0	0	
0	0	0	0	0	0	0	0	0	0	0	0	0	0	0	0	0	
0	0	0	0	0	0	0	0	0	0	0	0	0	0	0	0	0	

0	0	0	0	0	0	0	0	0	0	0	0	0	0	0	0	0	
0	0	0	0	0	0	0	0	0	0	0	0	0	0	0	0	0	
0	0	0	0	0	0	0	0	0	0	0	0	0	0	0	0	0	
0	0	0	0	0	0	0	0	1.1997e-007	0	0	0	0	0	0	0	0	
0	0	0	0	0	0	0	5.99848e-007	2.56975e-006	5.99848e-007	0	0	0	0	0	0	0	
0	0	0	0	0	0	1.1997e-006	1.0279e-005	1.95536e-005	1.0279e-005	1.1997e-006	0	0	0	0	0	0	
0	0	0	0	0	1.1997e-006	1.54185e-005	5.56615e-005	7.22232e-005	5.56615e-005	1.54185e-005	1.1997e-006	0	0	0	0	0	
0	0	0	0	5.99848e-007	1.0279e-005	5.56615e-005	0.000123888	0.000190728	0.000123888	5.56615e-005	1.0279e-005	5.99848e-007	0	0	0	0	
0	0	0	1.1997e-007	2.56975e-006	1.95536e-005	7.22232e-005	0.000190728	0.000519575	0.000190728	7.22232e-005	1.95536e-005	2.56975e-006	1.1997e-007	0	0	0	
0	0	0	0	5.99848e-007	1.0279e-005	5.56615e-005	0.000123888	0.000190728	0.000123888	5.56615e-005	1.0279e-005	5.99848e-007	0	0	0	0	
0	0	0	0	0	1.1997e-006	1.54185e-005	5.56615e-005	7.22232e-005	5.56615e-005	1.54185e-005	1.1997e-006	0	0	0	0	0	
0	0	0	0	0	0	1.1997e-006	1.0279e-005	1.95536e-005	1.0279e-005	1.1997e-006	0	0	0	0	0	0	
0	0	0	0	0	0	0	5.99848e-007	2.56975e-006	5.99848e-007	0	0	0	0	0	0	0	
0	0	0	0	0	0	0	0	1.1997e-007	0	0	0	0	0	0	0	0	
0	0	0	0	0	0	0	0	0	0	0	0	0	0	0	0	0	
0	0	0	0	0	0	0	0	0	0	0	0	0	0	0	0	0	
0	0	0	0	0	0	0	0	0	0	0	0	0	0	0	0	0	

0	0	0	0	0	0	0	0	0	0	0	0	0	0	0	0	0	
0	0	0	0	0	0	0	0	0	0	0	0	0	0	0	0	0	
0	0	0	0	0	0	0	0	2.99651e-008	0	0	0	0	0	0	0	0	
0	0	0	0	0	0	0	1.79791e-007	7.61932e-007	1.79791e-007	0	0	0	0	0	0	0	
0	0	0	0	0	0	4.49476e-007	3.80966e-006	7.30533e-006	3.80966e-006	4.49476e-007	0	0	0	0	0	0	
0	0	0	0	0	5.99302e-007	7.61932e-006	2.76032e-005	3.50238e-005	2.76032e-005	7.61932e-006	5.99302e-007	0	0	0	0	0	
0	0	0	0	4.49476e-007	7.61932e-006	4.09554e-005	8.60231e-005	0.000104471	8.60231e-005	4.09554e-005	7.61932e-006	4.49476e-007	0	0	0	0	
0	0	0	1.79791e-007	3.80966e-006	2.76032e-005	8.60231e-005	0.000154634	0.00025972	0.000154634	8.60231e-005	2.76032e-005	3.80966e-006	1.79791e-007	0	0	0	
0	0	2.99651e-008	7.61932e-007	7.30533e-006	3.50238e-005	0.000104471	0.00025972	0.000682329	0.00025972	0.000104471	3.50238e-005	7.30533e-006	7.61932e-007	2.99651e-008	0	0	
0	0	0	1.79791e-007	3.80966e-006	2.76032e-005	8.60231e-005	0.000154634	0.00025972	0.000154634	8.60231e-005	2.76032e-005	3.80966e-006	1.79791e-007	0	0	0	
0	0	0	0	4.49476e-007	7.61932e-006	4.09554e-005	8.60231e-005	0.000104471	8.60231e-005	4.09554e-005	7.61932e-006	4.49476e-007	0	0	0	0	
0	0	0	0	0	5.99302e-007	7.61932e-006	2.76032e-005	3.50238e-005	2.76032e-005	7.61932e-006	5.99302e-007	0	0	0	0	0	
0	0	0	0	0	0	4.49476e-007	3.80966e-006	7.30533e-006	3.80966e-006	4.49476e-007	0	0	0	0	0	0	
0	0	0	0	0	0	0	1.79791e-007	7.61932e-007	1.79791e-007	0	0	0	0	0	0	0	
0	0	0	0	0	0	0	0	2.99651e-008	0	0	0	0	0	0	0	0	
0	0	0	0	0	0	0	0	0	0	0	0	0	0	0	0	0	
0	0	0	0	0	0	0	0	0	0	0	0	0	0	0	0	0	

0	0	0	0	0	0	0	0	0	0	0	0	0	0	0	0	0	
0	0	0	0	0	0	0	0	7.48445e-009	0	0	0	0	0	0	0	0	
0	0	0	0	0	0	0	5.23911e-008	2.20302e-007	5.23911e-008	0	0	0	0	0	0	0	
0	0	0	0	0	0	1.57173e-007	1.32181e-006	2.56462e-006	1.32181e-006	1.57173e-007	0	0	0	0	0	0	
0	0	0	0	0	2.61956e-007	3.30453e-006	1.20896e-005	1.55836e-005	1.20896e-005	3.30453e-006	2.61956e-007	0	0	0	0	0	
0	0	0	0	2.61956e-007	4.40604e-006	2.38126e-005	5.04381e-005	5.72097e-005	5.04381e-005	2.38126e-005	4.40604e-006	2.61956e-007	0	0	0	0	
0	0	0	1.57173e-007	3.30453e-006	2.38126e-005	7.23527e-005	0.000112281	0.000148934	0.000112281	7.23527e-005	2.38126e-005	3.30453e-006	1.57173e-007	0	0	0	
0	0	5.23911e-008	1.32181e-006	1.20896e-005	5.04381e-005	0.000112281	0.0002036	0.000342996	0.0002036	0.000112281	5.04381e-005	1.20896e-005	1.32181e-006	5.23911e-008	0	0	
0	7.48445e-009	2.20302e-007	2.56462e-006	1.55836e-005	5.72097e-005	0.000148934	0.000342996	0.000891595	0.000342996	0.000148934	5.72097e-005	1.55836e-005	2.56462e-006	2.20302e-007	7.48445e-009	0	
0	0	5.23911e-008	1.32181e-006	1.20896e-005	5.04381e-005	0.000112281	0.0002036	0.000342996	0.0002036	0.000112281	5.04381e-005	1.20896e-005	1.32181e-006	5.23911e-008	0	0	
0	0	0	1.57173e-007	3.30453e-006	2.38126e-005	7.23527e-005	0.000112281	0.000148934	0.000112281	7.23527e-005	2.38126e-005	3.30453e-006	1.57173e-007	0	0	0	
0	0	0	0	2.61956e-007	4.40604e-006	2.38126e-005	5.04381e-005	5.72097e-005	5.04381e-005	2.38126e-005	4.40604e-006	2.61956e-007	0	0	0	0	
0	0	0	0	0	2.61956e-007	3.30453e-006	1.20896e-005	1.55836e-005	1.20896e-005	3.30453e-006	2.61956e-007	0	0	0	0	0	
0	0	0	0	0	0	1.57173e-007	1.32181e-006	2.56462e-006	1.32181e-006	1.57173e-007	0	0	0	0	0	0	
0	0	0	0	0	0	0	5.23911e-008	2.20302e-007	5.23911e-008	0	0	0	0	0	0	0	
0	0	0	0	0	0	0	0	7.48445e-009	0	0	0	0	0	0	0	0	
0	0	0	0	0	0	0	0	0	0	0	0	0	0	0	0	0	

0	0	0	0	0	0	0	0	0	0	0	0	0	0	0	0	0	
0	0	0	0	0	0	0	1.49553e-008	6.25166e-008	1.49553e-008	0	0	0	0	0	0	0	
0	0	0	0	0	0	5.23434e-008	4.37616e-007	8.59151e-007	4.37616e-007	5.23434e-008	0	0	0	0	0	0	
0	0	0	0	0	1.04687e-007	1.31285e-006	4.8558e-006	6.41271e-006	4.8558e-006	1.31285e-006	1.04687e-007	0	0	0	0	0	
0	0	0	0	1.30859e-007	2.18808e-006	1.19301e-005	2.59369e-005	2.92618e-005	2.59369e-005	1.19301e-005	2.18808e-006	1.30859e-007	0	0	0	0	
0	0	0	1.04687e-007	2.18808e-006	1.5837e-005	4.88106e-005	7.41823e-005	8.8526e-005	7.41823e-005	4.88106e-005	1.5837e-005	2.18808e-006	1.04687e-007	0	0	0	
0	0	5.23434e-008	1.31285e-006	1.19301e-005	4.88106e-005	9.9448e-005	0.000145083	0.000200649	0.000145083	9.9448e-005	4.88106e-005	1.19301e-005	1.31285e-006	5.23434e-008	0	0	
0	1.49553e-008	4.37616e-007	4.8558e-006	2.59369e-005	7.41823e-005	0.000145083	0.000276583	0.000445191	0.000276583	0.000145083	7.41823e-005	2.59369e-005	4.8558e-006	4.37616e-007	1.49553e-008	0	
0	6.25166e-008	8.59151e-007	6.41271e-006	2.92618e-005	8.8526e-005	0.000200649	0.000445191	0.00115923	0.000445191	0.000200649	8.8526e-005	2.92618e-005	6.41271e-006	8.59151e-007	6.25166e-008	0	
0	1.49553e-008	4.37616e-007	4.8558e-006	2.59369e-005	7.41823e-005	0.000145083	0.000276583	0.000445191	0.000276583	0.000145083	7.41823e-005	2.59369e-005	4.8558e-006	4.37616e-007	1.49553e-008	0	
0	0	5.23434e-008	1.31285e-006	1.19301e-005	4.88106e-005	9.9448e-005	0.000145083	0.000200649	0.000145083	9.9448e-005	4.88106e-005	1.19301e-005	1.31285e-006	5.23434e-008	0	0	
0	0	0	1.04687e-007	2.18808e-006	1.5837e-005	4.88106e-005	7.41823e-005	8.8526e-005	7.41823e-005	4.88106e-005	1.5837e-005	2.18808e-006	1.04687e-007	0	0	0	
0	0	0	0	1.30859e-007	2.18808e-006	1.19301e-005	2.59369e-005	2.92618e-005	2.59369e-005	1.19301e-005	2.18808e-006	1.30859e-007	0	0	0	0	
0	0	0	0	0	1.04687e-007	1.31285e-006	4.8558e-006	6.41271e-006	4.8558e-006	1.31285e-006	1.04687e-007	0	0	0	0	0	
0	0	0	0	0	0	5.23434e-008	4.37616e-007	8.59151e-007	4.37616e-007	5.23434e-008	0	0	0	0	0	0	
0	0	0	0	0	0	0	1.49553e-008	6.25166e-008	1.49553e-008	0	0	0	0	0	0	0	
0	0	0	0	0	0	0	0	0	0	0	0	0	0	0	0	0	

0	0	0	0	0	0	0	0	0	0	0	0	0	0	0	0	0	
0	0	0	0	0	0	1.68093e-008	1.39888e-007	2.77152e-007	1.39888e-007	1.68093e-008	0	0	0	0	0	0	
0	0	0	0	0	3.92218e-008	4.89609e-007	1.82987e-006	2.47557e-006	1.82987e-006	4.89609e-007	3.92218e-008	0	0	0	0	0	
0	0	0	0	5.88327e-008	9.79217e-007	5.38875e-006	1.20557e-005	1.3803e-005	1.20557e-005	5.38875e-006	9.79217e-007	5.88327e-008	0	0	0	0	
0	0	0	5.88327e-008	1.22402e-006	8.92242e-006	2.81808e-005	4.3901e-005	5.03745e-005	4.3901e-005	2.81808e-005	8.92242e-006	1.22402e-006	5.88327e-008	0	0	0	
0	0	3.92218e-008	9.79217e-007	8.92242e-006	3.69215e-005	7.5346e-005	0.000100831	0.00012588	0.000100831	7.5346e-005	3.69215e-005	8.92242e-006	9.79217e-007	3.92218e-008	0	0	
0	1.68093e-008	4.89609e-007	5.38875e-006	2.81808e-005	7.5346e-005	0.000124044	0.000195502	0.000257681	0.000195502	0.000124044	7.5346e-005	2.81808e-005	5.38875e-006	4.89609e-007	1.68093e-008	0	
0	1.39888e-007	1.82987e-006	1.20557e-005	4.3901e-005	0.000100831	0.000195502	0.000368103	0.000580426	0.000368103	0.000195502	0.000100831	4.3901e-005	1.20557e-005	1.82987e-006	1.39888e-007	0	
0	2.77152e-007	2.47557e-006	1.3803e-005	5.03745e-005	0.00012588	0.000257681	0.000580426	0.00149969	0.000580426	0.000257681	0.00012588	5.03745e-005	1.3803e-005	2.47557e-006	2.77152e-007	0	
0	1.39888e-007	1.82987e-006	1.20557e-005	4.3901e-005	0.000100831	0.000195502	0.000368103	0.000580426	0.000368103	0.000195502	0.000100831	4.3901e-005	1.20557e-005	1.82987e-006	1.39888e-007	0	
0	1.68093e-008	4.89609e-007	5.38875e-006	2.81808e-005	7.5346e-005	0.000124044	0.000195502	0.000257681	0.000195502	0.000124044	7.5346e-005	2.81808e-005	5.38875e-006	4.89609e-007	1.68093e-008	0	
0	0	3.92218e-008	9.79217e-007	8.92242e-006	3.69215e-005	7.5346e-005	0.000100831	0.00012588	0.000100831	7.5346e-005	3.69215e-005	8.92242e-006	9.79217e-007	3.92218e-008	0	0	
0	0	0	5.88327e-008	1.22402e-006	8.92242e-006	2.81808e-005	4.3901e-005	5.03745e-005	4.3901e-005	2.81808e-005	8.92242e-006	1.22402e-006	5.88327e-008	0	0	0	
0	0	0	0	5.88327e-008	9.79217e-007	5.38875e-006	1.20557e-005	1.3803e-005	1.20557e-005	5.38875e-006	9.79217e-007	5.88327e-008	0	0	0	0	
0	0	0	0	0	3.92218e-008	4.89609e-007	1.82987e-006	2.47557e-006	1.82987e-006	4.89609e-007	3.92218e-008	0	0	0	0	0	
0	0	0	0	0	0	1.68093e-008	1.39888e-007	2.77152e-007	1.39888e-007	1.68093e-008	0	0	0	0	0	0	
0	0	0	0	0	0	0	0	0	0	0	0	0	0	0	0	0	

0	0	0	0	0	0	0	0	0	0	0	0	0	0	0	0	0	
0	0	0	0	0	1.3995e-008	1.74056e-007	6.55534e-007	9.03098e-007	6.55534e-007	1.74056e-007	1.3995e-008	0	0	0	0	0	
0	0	0	0	2.44913e-008	4.0613e-007	2.25472e-006	5.18065e-006	6.04961e-006	5.18065e-006	2.25472e-006	4.0613e-007	2.44913e-008	0	0	0	0	
0	0	0	2.93896e-008	6.09194e-007	4.47445e-006	1.44976e-005	2.34267e-005	2.66257e-005	2.34267e-005	1.44976e-005	4.47445e-006	6.09194e-007	2.93896e-008	0	0	0	
0	0	2.44913e-008	6.09194e-007	5.58082e-006	2.35535e-005	4.96354e-005	6.58209e-005	7.7978e-005	6.58209e-005	4.96354e-005	2.35535e-005	5.58082e-006	6.09194e-007	2.44913e-008	0	0	
0	1.3995e-008	4.0613e-007	4.47445e-006	2.35535e-005	6.32139e-005	9.90324e-005	0.000136797	0.000164781	0.000136797	9.90324e-005	6.32139e-005	2.35535e-005	4.47445e-006	4.0613e-007	1.3995e-008	0	
0	1.74056e-007	2.25472e-006	1.44976e-005	4.96354e-005	9.90324e-005	0.00016001	0.000263068	0.000331344	0.000263068	0.00016001	9.90324e-005	4.96354e-005	1.44976e-005	2.25472e-006	1.74056e-007	0	
0	6.55534e-007	5.18065e-006	2.34267e-005	6.58209e-005	0.000136797	0.000263068	0.000479465	0.000758589	0.000479465	0.000263068	0.000136797	6.58209e-005	2.34267e-005	5.18065e-006	6.55534e-007	0	
0	9.03098e-007	6.04961e-006	2.66257e-005	7.7978e-005	0.000164781	0.000331344	0.000758589	0.00193046	0.000758589	0.000331344	0.000164781	7.7978e-005	2.66257e-005	6.04961e-006	9.03098e-007	0	
0	6.55534e-007	5.18065e-006	2.34267e-005	6.58209e-005	0.000136797	0.000263068	0.000479465	0.000758589	0.000479465	0.000263068	0.000136797	6.58209e-005	2.34267e-005	5.18065e-006	6.55534e-007	0	
0	1.74056e-007	2.25472e-006	1.44976e-005	4.96354e-005	9.90324e-005	0.00016001	0.000263068	0.000331344	0.000263068	0.00016001	9.90324e-005	4.96354e-005	1.44976e-005	2.25472e-006	1.74056e-007	0	
0	1.3995e-008	4.0613e-007	4.47445e-006	2.35535e-005	6.32139e-005	9.90324e-005	0.000136797	0.000164781	0.000136797	9.90324e-005	6.32139e-005	2.35535e-005	4.47445e-006	4.0613e-007	1.3995e-008	0	
0	0	2.44913e-008	6.09194e-007	5.58082e-006	2.35535e-005	4.96354e-005	6.58209e-005	7.7978e-005	6.58209e-005	4.96354e-005	2.35535e-005	5.58082e-006	6.09194e-007	2.44913e-008	0	0	
0	0	0	2.93896e-008	6.09194e-007	4.47445e-006	1.44976e-005	2.34267e-005	2.66257e-005	2.34267e-005	1.44976e-005	4.47445e-006	6.09194e-007	2.93896e-008	0	0	0	
0	0	0	0	2.44913e-008	4.0613e-007	2.25472e-006	5.18065e-006	6.04961e-006	5.18065e-006	2.25472e-006	4.0613e-007	2.44913e-008	0	0	0	0	
0	0	0	0	0	1.3995e-008	1.74056e-007	6.55534e-007	9.03098e-007	6.55534e-007	1.74056e-007	1.3995e-008	0	0	0	0	0	
0	0	0	0	0	0	0	0	0	0	0	0	0	0	0	0	0	

0	0	0	0	0	0	0	0	0	0	0	0	0	0	0	0	0	
0	0	0	0	9.61282e-009	1.58922e-007	8.87801e-007	2.07927e-006	2.46526e-006	2.07927e-006	8.87801e-007	1.58922e-007	9.61282e-009	0	0	0	0	
0	0	0	1.3458e-008	2.78113e-007	2.05765e-006	6.82717e-006	1.14448e-005	1.30434e-005	1.14448e-005	6.82717e-006	2.05765e-006	2.78113e-007	1.3458e-008	0	0	0	
0	0	1.3458e-008	3.33736e-007	3.0759e-006	1.3257e-005	2.90517e-005	3.93981e-005	4.55374e-005	3.93981e-005	2.90517e-005	1.3257e-005	3.0759e-006	3.33736e-007	1.3458e-008	0	0	
0	9.61282e-009	2.78113e-007	3.0759e-006	1.64322e-005	4.53507e-005	7.21798e-005	9.38735e-005	0.000108363	9.38735e-005	7.21798e-005	4.53507e-005	1.64322e-005	3.0759e-006	2.78113e-007	9.61282e-009	0	
0	1.58922e-007	2.05765e-006	1.3257e-005	4.53507e-005	8.75871e-005	0.000126097	0.000184131	0.000209625	0.000184131	0.000126097	8.75871e-005	4.53507e-005	1.3257e-005	2.05765e-006	1.58922e-007	0	
0	8.87801e-007	6.82717e-006	2.90517e-005	7.21798e-005	0.000126097	0.000216996	0.000344457	0.000436012	0.000344457	0.000216996	0.000126097	7.21798e-005	2.90517e-005	6.82717e-006	8.87801e-007	0	
0	2.07927e-006	1.14448e-005	3.93981e-005	9.38735e-005	0.000184131	0.000344457	0.000622162	0.000983304	0.000622162	0.000344457	0.000184131	9.38735e-005	3.93981e-005	1.14448e-005	2.07927e-006	0	
0	2.46526e-006	1.30434e-005	4.55374e-005	0.000108363	0.000209625	0.000436012	0.000983304	0.00247257	0.000983304	0.000436012	0.000209625	0.000108363	4.55374e-005	1.30434e-005	2.46526e-006	0	
0	2.07927e-006	1.14448e-005	3.93981e-005	9.38735e-005	0.000184131	0.000344457	0.000622162	0.000983304	0.000622162	0.000344457	0.000184131	9.38735e-005	3.93981e-005	1.14448e-005	2.07927e-006	0	
0	8.87801e-007	6.82717e-006	2.90517e-005	7.21798e-005	0.000126097	0.000216996	0.000344457	0.000436012	0.000344457	0.000216996	0.000126097	7.21798e-005	2.90517e-005	6.82717e-006	8.87801e-007	0	
0	1.58922e-007	2.05765e-006	1.3257e-005	4.53507e-005	8.75871e-005	0.000126097	0.000184131	0.000209625	0.000184131	0.000126097	8.75871e-005	4.53507e-005	1.3257e-005	2.05765e-006	1.58922e-007	0	
0	9.61282e-009	2.78113e-007	3.0759e-006	1.64322e-005	4.53507e-005	7.21798e-005	9.38735e-005	0.000108363	9.38735e-005	7.21798e-005	4.53507e-005	1.64322e-005	3.0759e-006	2.78113e-007	9.61282e-009	0	
0	0	1.3458e-008	3.33736e-007	3.0759e-006	1.3257e-005	2.90517e-005	3.93981e-005	4.55374e-005	3.93981e-005	2.90517e-005	1.3257e-005	3.0759e-006	3.33736e-007	1.3458e-008	0	0	
0	0	0	1.3458e-008	2.78113e-007	2.05765e-006	6.82717e-006	1.14448e-005	1.30434e-005	1.14448e-005	6.82717e-006	2.05765e-006	2.78113e-007	1.3458e-008	0	0	0	
0	0	0	0	9.61282e-009	1.58922e-007	8.87801e-007	2.07927e-006	2.46526e-006	2.07927e-006	8.87801e-007	1.58922e-007	9.61282e-009	0	0	0	0	
0	0	0	0	0	0	0	0	0	0	0	0	0	0	0	0	0	

0	0	0	0	0	0	0	0	0	0	0	0	0	0	0	0	0	
0	0	0	5.76244e-009	1.18781e-007	8.83165e-007	2.97883e-006	5.12172e-006	5.86099e-006	5.12172e-006	2.97883e-006	8.83165e-007	1.18781e-007	5.76244e-009	0	0	0	
0	0	6.72285e-009	1.66293e-007	1.54186e-006	6.77903e-006	1.54293e-005	2.15976e-005	2.47126e-005	2.15976e-005	1.54293e-005	6.77903e-006	1.54186e-006	1.66293e-007	6.72285e-009	0	0	
0	5.76244e-009	1.66293e-007	1.84792e-006	1.00379e-005	2.86606e-005	4.74661e-005	6.09431e-005	6.89583e-005	6.09431e-005	4.74661e-005	2.86606e-005	1.00379e-005	1.84792e-006	1.66293e-007	5.76244e-009	0	
0	1.18781e-007	1.54186e-006	1.00379e-005	3.50576e-005	6.91594e-005	9.61364e-005	0.000129064	0.00014111	0.000129064	9.61364e-005	6.91594e-005	3.50576e-005	1.00379e-005	1.54186e-006	1.18781e-007	0	
0	8.83165e-007	6.77903e-006	2.86606e-005	6.91594e-005	0.000110099	0.000167276	0.000240839	0.000272987	0.000240839	0.000167276	0.000110099	6.91594e-005	2.86606e-005	6.77903e-006	8.83165e-007	0	
0	2.97883e-006	1.54293e-005	4.74661e-005	9.61364e-005	0.000167276	0.000292247	0.000446197	0.000575097	0.000446197	0.000292247	0.000167276	9.61364e-005	4.74661e-005	1.54293e-005	2.97883e-006	0	
0	5.12172e-006	2.15976e-005	6.09431e-005	0.000129064	0.000240839	0.000446197	0.000806539	0.00126289	0.000806539	0.000446197	0.000240839	0.000129064	6.09431e-005	2.15976e-005	5.12172e-006	0	
0	5.86099e-006	2.47126e-005	6.89583e-005	0.00014111	0.000272987	0.000575097	0.00126289	0.00315111	0.00126289	0.000575097	0.000272987	0.00014111	6.89583e-005	2.47126e-005	5.86099e-006	0	
0	5.12172e-006	2.15976e-005	6.09431e-005	0.000129064	0.000240839	0.000446197	0.000806539	0.00126289	0.000806539	0.000446197	0.000240839	0.000129064	6.09431e-005	2.15976e-005	5.12172e-006	0	
0	2.97883e-006	1.54293e-005	4.74661e-005	9.61364e-005	0.000167276	0.000292247	0.000446197	0.000575097	0.000446197	0.000292247	0.000167276	9.61364e-005	4.74661e-005	1.54293e-005	2.97883e-006	0	
0	8.83165e-007	6.77903e-006	2.86606e-005	6.91594e-005	0.000110099	0.000167276	0.000240839	0.000272987	0.000240839	0.000167276	0.000110099	6.91594e-005	2.86606e-005	6.77903e-006	8.83165e-007	0	
0	1.18781e-007	1.54186e-006	1.00379e-005	3.50576e-005	6.91594e-005	9.61364e-005	0.000129064	0.00014111	0.000129064	9.61364e-005	6.91594e-005	3.50576e-005	1.00379e-005	1.54186e-006	1.18781e-007	0	
0	5.76244e-009	1.66293e-007	1.84792e-006	1.00379e-005	2.86606e-005	4.74661e-005	6.09431e-005	6.89583e-005	6.09431e-005	4.74661e-005	2.86606e-005	1.00379e-005	1.84792e-006	1.66293e-007	5.76244e-009	0	
0	0	6.72285e-009	1.66293e-007	1.54186e-006	6.77903e-006	1.54293e-005	2.15976e-005	2.47126e-005	2.15976e-005	1.54293e-005	6.77903e-006	1.54186e-006	1.66293e-007	6.72285e-009	0	0	
0	0	0	5.76244e-009	1.18781e-007	8.83165e-007	2.97883e-006	5.12172e-006	5.86099e-006	5.12172e-006	2.97883e-006	8.83165e-007	1.18781e-007	5.76244e-009	0	0	0	
0	0	0	0	0	0	0	0	0	0	0	0	0	0	0	0	0	

0	0	0	0	0	0	0	0	0	0	0	0	0	0	0	0	0	
0	0	3.11848e-009	7.69713e-008	7.16419e-007	3.19196e-006	7.4474e-006	1.06495e-005	1.21321e-005	1.06495e-005	7.4474e-006	3.19196e-006	7.16419e-007	7.69713e-008	3.11848e-009	0	0	
0	3.11848e-009	8.97999e-008	1.00278e-006	5.53675e-006	1.63457e-005	2.83036e-005	3.67e-005	4.11684e-005	3.67e-005	2.83036e-005	1.63457e-005	5.53675e-006	1.00278e-006	8.97999e-008	3.11848e-009	0	
0	7.69713e-008	1.00278e-006	6.61331e-006	2.37328e-005	4.87598e-005	6.87041e-005	8.83113e-005	9.53455e-005	8.83113e-005	6.87041e-005	4.87598e-005	2.37328e-005	6.61331e-006	1.00278e-006	7.69713e-008	0	
0	7.16419e-007	5.53675e-006	2.37328e-005	5.82199e-005	9.12986e-005	0.000127192	0.000169943	0.000182758	0.000169943	0.000127192	9.12986e-005	5.82199e-005	2.37328e-005	5.53675e-006	7.16419e-007	0	
0	3.19196e-006	1.63457e-005	4.87598e-005	9.12986e-005	0.000140722	0.000225993	0.000310577	0.000362809	0.000310577	0.000225993	0.000140722	9.12986e-005	4.87598e-005	1.63457e-005	3.19196e-006	0	
0	7.4474e-006	2.83036e-005	6.87041e-005	0.000127192	0.000225993	0.000381974	0.00058039	0.000746124	0.00058039	0.000381974	0.000225993	0.000127192	6.87041e-005	2.83036e-005	7.4474e-006	0	
0	1.06495e-005	3.67e-005	8.83113e-005	0.000169943	0.000310577	0.00058039	0.00103888	0.00161434	0.00103888	0.00058039	0.000310577	0.000169943	8.83113e-005	3.67e-005	1.06495e-005	0	
0	1.21321e-005	4.11684e-005	9.53455e-005	0.000182758	0.000362809	0.000746124	0.00161434	0.00399585	0.00161434	0.000746124	0.000362809	0.000182758	9.53455e-005	4.11684e-005	1.21321e-005	0	
0	1.06495e-005	3.67e-005	8.83113e-005	0.000169943	0.000310577	0.00058039	0.00103888	0.00161434	0.00103888	0.00058039	0.000310577	0.000169943	8.83113e-005	3.67e-005	1.06495e-005	0	
0	7.4474e-006	2.83036e-005	6.87041e-005	0.000127192	0.000225993	0.000381974	0.00058039	0.000746124	0.00058039	0.000381974	0.000225993	0.000127192	6.87041e-005	2.83036e-005	7.4474e-006	0	
0	3.19196e-006	1.63457e-005	4.87598e-005	9.12986e-005	0.000140722	0.000225993	0.000310577	0.000362809	0.000310577	0.000225993	0.000140722	9.12986e-005	4.87598e-005	1.63457e-005	3.19196e-006	0	
0	7.16419e-007	5.53675e-006	2.37328e-005	5.82199e-005	9.12986e-005	0.000127192	0.000169943	0.000182758	0.000169943	0.000127192	9.12986e-005	5.82199e-005	2.37328e-005	5.53675e-006	7.16419e-007	0	
0	7.69713e-008	1.00278e-006	6.61331e-006	2.37328e-005	4.87598e-005	6.87041e-005	8.83113e-005	9.53455e-005	8.83113e-005	6.87041e-005	4.87598e-005	2.37328e-005	6.61331e-006	1.00278e-006	7.69713e-008	0	
0	3.11848e-009	8.97999e-008	1.00278e-006	5.53675e-006	1.63457e-005	2.83036e-005	3.67e-005	4.11684e-005	3.67e-005	2.83036e-005	1.63457e-005	5.53675e-006	1.00278e-006	8.97999e-008	3.11848e-009	0	
0	0	3.11848e-009	7.69713e-008	7.16419e-007	3.19196e-006	7.4474e-006	1.06495e-005	1.21321e-005	1.06495e-005	7.4474e-006	3.19196e-006	7.16419e-007	7.69713e-008	3.11848e-009	0	0	
0	0	0	0	0	0	0	0	0	0	0	0	0	0	0	0	0	

0	0	0	0	0	0	0	0	0	0	0	0	0	0	0	0	0	
0	1.55782e-009	4.47762e-008	5.01466e-007	2.79771e-006	8.43349e-006	1.5002e-005	1.95946e-005	2.18848e-005	1.95946e-005	1.5002e-005	8.43349e-006	2.79771e-006	5.01466e-007	4.47762e-008	1.55782e-009	0	
0	4.47762e-008	5.85649e-007	3.9138e-006	1.44398e-005	3.101e-005	4.517e-005	5.72057e-005	6.16715e-005	5.72057e-005	4.517e-005	3.101e-005	1.44398e-005	3.9138e-006	5.85649e-007	4.47762e-008	0	
0	5.01466e-007	3.9138e-006	1.7128e-005	4.34719e-005	7.01185e-005	9.43755e-005	0.000120037	0.00012652	0.000120037	9.43755e-005	7.01185e-005	4.34719e-005	1.7128e-005	3.9138e-006	5.01466e-007	0	
0	2.79771e-006	1.44398e-005	4.34719e-005	8.06786e-005	0.00011586	0.000170029	0.000218081	0.000241142	0.000218081	0.000170029	0.00011586	8.06786e-005	4.34719e-005	1.44398e-005	2.79771e-006	0	
0	8.43349e-006	3.101e-005	7.01185e-005	0.00011586	0.000189253	0.00029882	0.000404499	0.000477308	0.000404499	0.00029882	0.000189253	0.00011586	7.01185e-005	3.101e-005	8.43349e-006	0	
0	1.5002e-005	4.517e-005	9.43755e-005	0.000170029	0.00029882	0.000492899	0.000753546	0.000955475	0.000753546	0.000492899	0.00029882	0.000170029	9.43755e-005	4.517e-005	1.5002e-005	0	
0	1.95946e-005	5.72057e-005	0.000120037	0.000218081	0.000404499	0.000753546	0.00132965	0.0020563	0.00132965	0.000753546	0.000404499	0.000218081	0.000120037	5.72057e-005	1.95946e-005	0	
0	2.18848e-005	6.16715e-005	0.00012652	0.000241142	0.000477308	0.000955475	0.0020563	0.00504177	0.0020563	0.000955475	0.000477308	0.000241142	0.00012652	6.16715e-005	2.18848e-005	0	
0	1.95946e-005	5.72057e-005	0.000120037	0.000218081	0.000404499	0.000753546	0.00132965	0.0020563	0.00132965	0.000753546	0.000404499	0.000218081	0.000120037	5.72057e-005	1.95946e-005	0	
0	1.5002e-005	4.517e-005	9.43755e-005	0.000170029	0.00029882	0.000492899	0.000753546	0.000955475	0.000753546	0.000492899	0.00029882	0.000170029	9.43755e-005	4.517e-005	1.5002e-005	0	
0	8.43349e-006	3.101e-005	7.01185e-005	0.00011586	0.000189253	0.00029882	0.000404499	0.000477308	0.000404499	0.00029882	0.000189253	0.00011586	7.01185e-005	3.101e-005	8.43349e-006	0	
0	2.79771e-006	1.44398e-005	4.34719e-005	8.06786e-005	0.00011586	0.000170029	0.000218081	0.000241142	0.000218081	0.000170029	0.00011586	8.06786e-005	4.34719e-005	1.44398e-005	2.79771e-006	0	
0	5.01466e-007	3.9138e-006	1.7128e-005	4.34719e-005	7.01185e-005	9.43755e-005	0.000120037	0.00012652	0.000120037	9.43755e-005	7.01185e-005	4.34719e-005	1.7128e-005	3.9138e-006	5.01466e-007	0	
0	4.47762e-008	5.85649e-007	3.9138e-006	1.44398e-005	3.101e-005	4.517e-005	5.72057e-005	6.16715e-005	5.72057e-005	4.517e-005	3.101e-005	1.44398e-005	3.9138e-006	5.85649e-007	4.47762e-008	0	
0	1.55782e-009	4.47762e-008	5.01466e-007	2.79771e-006	8.43349e-006	1.5002e-005	1.95946e-005	2.18848e-005	1.95946e-005	1.5002e-005	8.43349e-006	2.79771e-006	5.01466e-007	4.47762e-008	1.55782e-009	0	
0	0	0	0	0	0	0	0	0	0	0	0	0	0	0	0	0	

0	0	0	0	0	0	0	0	0	0	0	0	0	0	0	0	0	
0	2.39269e-008	3.13619e-007	2.11248e-006	7.92221e-006	1.74405e-005	2.58511e-005	3.24646e-005	3.49648e-005	3.24646e-005	2.58511e-005	1.74405e-005	7.92221e-006	2.11248e-006	3.13619e-007	2.39269e-008	0	
0	3.13619e-007	2.47387e-006	1.10709e-005	2.91961e-005	4.92016e-005	6.62609e-005	8.212e-005	8.62035e-005	8.212e-005	6.62609e-005	4.92016e-005	2.91961e-005	1.10709e-005	2.47387e-006	3.13619e-007	0	
0	2.11248e-006	1.10709e-005	3.42015e-005	6.53284e-005	9.25371e-005	0.000127004	0.000155768	0.000166888	0.000155768	0.000127004	9.25371e-005	6.53284e-005	3.42015e-005	1.10709e-005	2.11248e-006	0	
0	7.92221e-006	2.91961e-005	6.53284e-005	0.000102126	0.000152071	0.000224611	0.000282051	0.000318365	0.000282051	0.000224611	0.000152071	0.000102126	6.53284e-005	2.91961e-005	7.92221e-006	0	
0	1.74405e-005	4.92016e-005	9.25371e-005	0.000152071	0.000255854	0.000386983	0.000530832	0.000615881	0.000530832	0.000386983	0.000255854	0.000152071	9.25371e-005	4.92016e-005	1.74405e-005	0	
0	2.58511e-005	6.62609e-005	0.000127004	0.000224611	0.000386983	0.000637078	0.000968748	0.00121948	0.000968748	0.000637078	0.000386983	0.000224611	0.000127004	6.62609e-005	2.58511e-005	0	
0	3.24646e-005	8.212e-005	0.000155768	0.000282051	0.000530832	0.000968748	0.00169563	0.002606	0.00169563	0.000968748	0.000530832	0.000282051	0.000155768	8.212e-005	3.24646e-005	0	
0	3.49648e-005	8.62035e-005	0.000166888	0.000318365	0.000615881	0.00121948	0.002606	0.00632972	0.002606	0.00121948	0.000615881	0.000318365	0.000166888	8.62035e-005	3.49648e-005	0	
0	3.24646e-005	8.212e-005	0.000155768	0.000282051	0.000530832	0.000968748	0.00169563	0.002606	0.00169563	0.000968748	0.000530832	0.000282051	0.000155768	8.212e-005	3.24646e-005	0	
0	2.58511e-005	6.62609e-005	0.000127004	0.000224611	0.000386983	0.000637078	0.000968748	0.00121948	0.000968748	0.000637078	0.000386983	0.000224611	0.000127004	6.62609e-005	2.58511e-005	0	
0	1.74405e-005	4.92016e-005	9.25371e-005	0.000152071	0.000255854	0.000386983	0.000530832	0.000615881	0.000530832	0.000386983	0.000255854	0.000152071	9.25371e-005	4.92016e-005	1.74405e-005	0	
0	7.92221e-006	2.91961e-005	6.53284e-005	0.000102126	0.000152071	0.000224611	0.000282051	0.000318365	0.000282051	0.000224611	0.000152071	0.000102126	6.53284e-005	2.91961e-005	7.92221e-006	0	
0	2.11248e-006	1.10709e-005	3.42015e-005	6.53284e-005	9.25371e-005	0.000127004	0.000155768	0.000166888	0.000155768	0.000127004	9.25371e-005	6.53284e-005	3.42015e-005	1.10709e-005	2.11248e-006	0	
0	3.13619e-007	2.47387e-006	1.10709e-005	2.91961e-005	4.92016e-005	6.62609e-005	8.212e-005	8.62035e-005	8.212e-005	6.62609e-005	4.92016e-005	2.91961e-005	1.10709e-005	2.47387e-006	3.13619e-007	0	
0	2.39269e-008	3.13619e-007	2.11248e-006	7.92221e-006	1.74405e-005	2.58511e-005	3.24646e-005	3.49648e-005	3.24646e-005	2.58511e-005	1.74405e-005	7.92221e-006	2.11248e-006	3.13619e-007	2.39269e-008	0	
0	0	0	0	0	0	0	0	0	0	0	0	0	0	0	0	0	

0	0	0	0	0	0	0	0	0	0	0	0	0	0	0	0	0	
0	1.79058e-007	1.42065e-006	6.43523e-006	1.73079e-005	2.97478e-005	3.98877e-005	4.86011e-005	5.08606e-005	4.86011e-005	3.98877e-005	2.97478e-005	1.73079e-005	6.43523e-006	1.42065e-006	1.79058e-007	0	
0	1.42065e-006	7.57754e-006	2.41477e-005	4.81332e-005	6.95482e-005	9.21307e-005	0.000110086	0.00011605	0.000110086	9.21307e-005	6.95482e-005	4.81332e-005	2.41477e-005	7.57754e-006	1.42065e-006	0	
0	6.43523e-006	2.41477e-005	5.52695e-005	8.63723e-005	0.000120814	0.000167415	0.000200238	0.000219383	0.000200238	0.000167415	0.000120814	8.63723e-005	5.52695e-005	2.41477e-005	6.43523e-006	0	
0	1.73079e-005	4.81332e-005	8.63723e-005	0.000130141	0.000204977	0.000291598	0.00037134	0.000413924	0.00037134	0.000291598	0.000204977	0.000130141	8.63723e-005	4.81332e-005	1.73079e-005	0	
0	2.97478e-005	6.95482e-005	0.000120814	0.000204977	0.000336116	0.000500234	0.000689719	0.000788418	0.000689719	0.000500234	0.000336116	0.000204977	0.000120814	6.95482e-005	2.97478e-005	0	
0	3.98877e-005	9.21307e-005	0.000167415	0.000291598	0.000500234	0.000822008	0.00123591	0.00155378	0.00123591	0.000822008	0.000500234	0.000291598	0.000167415	9.21307e-005	3.98877e-005	0	
0	4.86011e-005	0.000110086	0.000200238	0.00037134	0.000689719	0.00123591	0.00215327	0.00328469	0.00215327	0.00123591	0.000689719	0.00037134	0.000200238	0.000110086	4.86011e-005	0	
0	5.08606e-005	0.00011605	0.000219383	0.000413924	0.000788418	0.00155378	0.00328469	0.00790706	0.00328469	0.00155378	0.000788418	0.000413924	0.000219383	0.00011605	5.08606e-005	0	
0	4.86011e-005	0.000110086	0.000200238	0.00037134	0.000689719	0.00123591	0.00215327	0.00328469	0.00215327	0.00123591	0.000689719	0.00037134	0.000200238	0.000110086	4.86011e-005	0	
0	3.98877e-005	9.21307e-005	0.000167415	0.000291598	0.000500234	0.000822008	0.00123591	0.00155378	0.00123591	0.000822008	0.000500234	0.000291598	0.000167415	9.21307e-005	3.98877e-005	0	
0	2.97478e-005	6.95482e-005	0.000120814	0.000204977	0.000336116	0.000500234	0.000689719	0.000788418	0.000689719	0.000500234	0.000336116	0.000204977	0.000120814	6.95482e-005	2.97478e-005	0	
0	1.73079e-005	4.81332e-005	8.63723e-005	0.000130141	0.000204977	0.000291598	0.00037134	0.000413924	0.00037134	0.000291598	0.000204977	0.000130141	8.63723e-005	4.81332e-005	1.73079e-005	0	
0	6.43523e-006	2.41477e-005	5.52695e-005	8.63723e-005	0.000120814	0.000167415	0.000200238	0.000219383	0.000200238	0.000167415	0.000120814	8.63723e-005	5.52695e-005	2.41477e-005	6.43523e-006	0	
0	1.42065e-006	7.57754e-006	2.41477e-005	4.81332e-005	6.95482e-005	9.21307e-005	0.000110086	0.00011605	0.000110086	9.21307e-005	6.95482e-005	4.81332e-005	2.41477e-005	7.57754e-006	1.42065e-006	0	
0	1.79058e-007	1.42065e-006	6.43523e-006	1.73079e-005	2.97478e-005	3.98877e-005	4.86011e-005	5.08606e-005	4.86011e-005	3.98877e-005	2.97478e-005	1.73079e-005	6.43523e-006	1.42065e-006	1.79058e-007	0	
0	0	0	0	0	0	0	0	0	0	0	0	0	0	0	0	0	

0	0	0	0	0	0	0	0	0	0	0	0	0	0	0	0	0	
0	8.64971e-007	4.65305e-006	1.50379e-005	3.04613e-005	4.39914e-005	5.66539e-005	6.63435e-005	6.92066e-005	6.63435e-005	5.66539e-005	4.39914e-005	3.04613e-005	1.50379e-005	4.65305e-006	8.64971e-007	0	
0	4.65305e-006	1.78831e-005	4.24259e-005	6.828e-005	9.30503e-005	0.0001226	0.000142217	0.000152445	0.000142217	0.0001226	9.30503e-005	6.828e-005	4.24259e-005	1.78831e-005	4.65305e-006	0	
0	1.50379e-005	4.24259e-005	7.6328e-005	0.000109631	0.000160345	0.000216599	0.000261511	0.000285096	0.000261511	0.000216599	0.000160345	0.000109631	7.6328e-005	4.24259e-005	1.50379e-005	0	
0	3.04613e-005	6.828e-005	0.000109631	0.000173676	0.000272561	0.000377961	0.000488134	0.000533158	0.000488134	0.000377961	0.000272561	0.000173676	0.000109631	6.828e-005	3.04613e-005	0	
0	4.39914e-005	9.30503e-005	0.000160345	0.000272561	0.000432853	0.000648079	0.000882831	0.00100928	0.000882831	0.000648079	0.000432853	0.000272561	0.000160345	9.30503e-005	4.39914e-005	0	
0	5.66539e-005	0.0001226	0.000216599	0.000377961	0.000648079	0.00105296	0.00157179	0.00197046	0.00157179	0.00105296	0.000648079	0.000377961	0.000216599	0.0001226	5.66539e-005	0	
0	6.63435e-005	0.000142217	0.000261511	0.000488134	0.000882831	0.00157179	0.00271784	0.0041204	0.00271784	0.00157179	0.000882831	0.000488134	0.000261511	0.000142217	6.63435e-005	0	
0	6.92066e-005	0.000152445	0.000285096	0.000533158	0.00100928	0.00197046	0.0041204	0.0098282	0.0041204	0.00197046	0.00100928	0.000533158	0.000285096	0.000152445	6.92066e-005	0	
0	6.63435e-005	0.000142217	0.000261511	0.000488134	0.000882831	0.00157179	0.00271784	0.0041204	0.00271784	0.00157179	0.000882831	0.000488134	0.000261511	0.000142217	6.63435e-005	0	
0	5.66539e-005	0.0001226	0.000216599	0.000377961	0.000648079	0.00105296	0.00157179	0.00197046	0.00157179	0.00105296	0.000648079	0.000377961	0.000216599	0.0001226	5.66539e-005	0	
0	4.39914e-005	9.30503e-005	0.000160345	0.000272561	0.000432853	0.000648079	0.000882831	0.00100928	0.000882831	0.000648079	0.000432853	0.000272561	0.000160345	9.30503e-005	4.39914e-005	0	
0	3.04613e-005	6.828e-005	0.000109631	0.000173676	0.000272561	0.000377961	0.000488134	0.000533158	0.000488134	0.000377961	0.000272561	0.000173676	0.000109631	6.828e-005	3.04613e-005	0	
0	1.50379e-005	4.24259e-005	7.6328e-005	0.000109631	0.000160345	0.000216599	0.000261511	0.000285096	0.000261511	0.000216599	0.000160345	0.000109631	7.6328e-005	4.24259e-005	1.50379e-005	0	
0	4.65305e-006	1.78831e-005	4.24259e-005	6.828e-005	9.30503e-005	0.0001226	0.000142217	0.000152445	0.000142217	0.0001226	9.30503e-005	6.828e-005	4.24259e-005	1.78831e-005	4.65305e-006	0	
0	8.64971e-007	4.65305e-006	1.50379e-005	3.04613e-005	4.39914e-005	5.66539e-005	6.63435e-005	6.92066e-005	6.63435e-005	5.66539e-005	4.39914e-005	3.04613e-005	1.50379e-005	4.65305e-006	8.64971e-007	0	
0	0	0	0	0	0	0	0	0	0	0	0	0	0	0	0	0	

0	0	0	0	0	0	0	0	0	0	0	0	0	0	0	0	0	
0	3.01111e-006	1.16754e-005	2.79838e-005	4.49795e-005	5.92841e-005	7.49985e-005	8.47613e-005	8.96271e-005	8.47613e-005	7.49985e-005	5.92841e-005	4.49795e-005	2.79838e-005	1.16754e-005	3.01111e-006	0	
0	1.16754e-005	3.38399e-005	6.26587e-005	8.90385e-005	0.000122301	0.000157595	0.000182848	0.000196072	0.000182848	0.000157595	0.000122301	8.90385e-005	6.26587e-005	3.38399e-005	1.16754e-005	0	
0	2.79838e-005	6.26587e-005	9.70874e-005	0.000142907	0.00021248	0.000279775	0.000344265	0.000367854	0.000344265	0.000279775	0.00021248	0.000142907	9.70874e-005	6.26587e-005	2.79838e-005	0	
0	4.49795e-005	8.90385e-005	0.000142907	0.000234615	0.000353779	0.00049268	0.000630636	0.000686863	0.000630636	0.00049268	0.000353779	0.000234615	0.000142907	8.90385e-005	4.49795e-005	0	
0	5.92841e-005	0.000122301	0.00021248	0.000353779	0.000557031	0.000834461	0.00112239	0.00128813	0.00112239	0.000834461	0.000557031	0.000353779	0.00021248	0.000122301	5.92841e-005	0	
0	7.49985e-005	0.000157595	0.000279775	0.00049268	0.000834461	0.00134084	0.00199183	0.00248491	0.00199183	0.00134084	0.000834461	0.00049268	0.000279775	0.000157595	7.49985e-005	0	
0	8.47613e-005	0.000182848	0.000344265	0.000630636	0.00112239	0.00199183	0.00341055	0.00514412	0.00341055	0.00199183	0.00112239	0.000630636	0.000344265	0.000182848	8.47613e-005	0	
0	8.96271e-005	0.000196072	0.000367854	0.000686863	0.00128813	0.00248491	0.00514412	0.0121552	0.00514412	0.00248491	0.00128813	0.000686863	0.000367854	0.000196072	8.96271e-005	0	
0	8.47613e-005	0.000182848	0.000344265	0.000630636	0.00112239	0.00199183	0.00341055	0.00514412	0.00341055	0.00199183	0.00112239	0.000630636	0.000344265	0.000182848	8.47613e-005	0	
0	7.49985e-005	0.000157595	0.000279775	0.00049268	0.000834461	0.00134084	0.00199183	0.00248491	0.00199183	0.00134084	0.000834461	0.00049268	0.000279775	0.000157595	7.49985e-005	0	
0	5.92841e-005	0.000122301	0.00021248	0.000353779	0.000557031	0.000834461	0.00112239	0.00128813	0.00112239	0.000834461	0.000557031	0.000353779	0.00021248	0.000122301	5.92841e-005	0	
0	4.49795e-005	8.90385e-005	0.000142907	0.000234615	0.000353779	0.00049268	0.000630636	0.000686863	0.000630636	0.00049268	0.000353779	0.000234615	0.000142907	8.90385e-005	4.49795e-005	0	
0	2.79838e-005	6.26587e-005	9.70874e-005	0.000142907	0.00021248	0.000279775	0.000344265	0.000367854	0.000344265	0.000279775	0.00021248	0.000142907	9.70874e-005	6.26587e-005	2.79838e-005	0	
0	1.16754e-005	3.38399e-005	6.26587e-005	8.90385e-005	0.000122301	0.000157595	0.000182848	0.000196072	0.000182848	0.000157595	0.000122301	8.90385e-005	6.26587e-005	3.38399e-005	1.16754e-005	0	
0	3.01111e-006	1.16754e-005	2.79838e-005	4.49795e-005	5.92841e-005	7.49985e-005	8.47613e-005	8.96271e-005	8.47613e-005	7.49985e-005	5.92841e-005	4.49795e-005	2.79838e-005	1.16754e-005	3.01111e-006	0	
0	0	0	0	0	0	0	0	0	0	0	0	0	0	0	0	0	

0	0	0	0	0	0	0	0	0	0	0	0	0	0	0	0	0	
0	7.98128e-006	2.3227e-005	4.27726e-005	5.85956e-005	7.58612e-005	9.37543e-005	0.000105284	0.000111817	0.000105284	9.37543e-005	7.58612e-005	5.85956e-005	4.27726e-005	2.3227e-005	7.98128e-006	0	
0	2.3227e-005	5.31209e-005	8.22208e-005	0.000113966	0.000158843	0.000199969	0.000236293	0.000249413	0.000236293	0.000199969	0.000158843	0.000113966	8.22208e-005	5.31209e-005	2.3227e-005	0	
0	4.27726e-005	8.22208e-005	0.000123537	0.000191567	0.000276814	0.000364911	0.000448013	0.000475601	0.000448013	0.000364911	0.000276814	0.000191567	0.000123537	8.22208e-005	4.27726e-005	0	
0	5.85956e-005	0.000113966	0.000191567	0.00030927	0.000455402	0.000639353	0.000804023	0.00088298	0.000804023	0.000639353	0.000455402	0.00030927	0.000191567	0.000113966	5.85956e-005	0	
0	7.58612e-005	0.000158843	0.000276814	0.000455402	0.000718265	0.00106458	0.00142577	0.00163293	0.00142577	0.00106458	0.000718265	0.000455402	0.000276814	0.000158843	7.58612e-005	0	
0	9.37543e-005	0.000199969	0.000364911	0.000639353	0.00106458	0.00170096	0.00250962	0.00311831	0.00250962	0.00170096	0.00106458	0.000639353	0.000364911	0.000199969	9.37543e-005	0	
0	0.000105284	0.000236293	0.000448013	0.000804023	0.00142577	0.00250962	0.00426054	0.00638882	0.00426054	0.00250962	0.00142577	0.000804023	0.000448013	0.000236293	0.000105284	0	
0	0.000111817	0.000249413	0.000475601	0.00088298	0.00163293	0.00311831	0.00638882	0.0149582	0.00638882	0.00311831	0.00163293	0.00088298	0.000475601	0.000249413	0.000111817	0	
