0	0	0	0	0	0	0	0	0	0	0	0	0	0	0	0	0	
0	0	0	0	0	0	0	0	0	0	0	0	0	0	0	0	0	
0	0	0	0	0	0	0	0	0	0	0	0	0	0	0	0	0	
0	0	0	0	0	0	0	0	0	0	0	0	0	0	0	0	0	
0	0	0	0	0	0	0	0	0	0	0	0	0	0	0	0	0	
0	0	0	0	0	0	0	0	0	0	0	0	0	0	0	0	0	
0	0	0	0	0	0	0	0	0	0	0	0	0	0	0	0	0	
0	0	0	0	0	0	0	0	0	0	0	0	0	0	0	0	0	
0	0	0	0	0	0	0	0	0.00012341	0	0	0	0	0	0	0	0	
0	0	0	0	0	0	0	0	0	0	0	0	0	0	0	0	0	
0	0	0	0	0	0	0	0	0	0	0	0	0	0	0	0	0	
0	0	0	0	0	0	0	0	0	0	0	0	0	0	0	0	0	
0	0	0	0	0	0	0	0	0	0	0	0	0	0	0	0	0	
0	0	0	0	0	0	0	0	0	0	0	0	0	0	0	0	0	
0	0	0	0	0	0	0	0	0	0	0	0	0	0	0	0	0	
0	0	0	0	0	0	0	0	0	0	0	0	0	0	0	0	0	
0	0	0	0	0	0	0	0	0	0	0	0	0	0	0	0	0	

0	0	0	0	0	0	0	0	0	0	0	0	0	0	0	0	0	
0	0	0	0	0	0	0	0	0	0	0	0	0	0	0	0	0	
0	0	0	0	0	0	0	0	0	0	0	0	0	0	0	0	0	
0	0	0	0	0	0	0	0	0	0	0	0	0	0	0	0	0	
0	0	0	0	0	0	0	0	0	0	0	0	0	0	0	0	0	
0	0	0	0	0	0	0	0	0	0	0	0	0	0	0	0	0	
0	0	0	0	0	0	0	0	0	0	0	0	0	0	0	0	0	
0	0	0	0	0	0	0	0	3.08244e-005	0	0	0	0	0	0	0	0	
0	0	0	0	0	0	0	3.08244e-005	0.00016617	3.08244e-005	0	0	0	0	0	0	0	
0	0	0	0	0	0	0	0	3.08244e-005	0	0	0	0	0	0	0	0	
0	0	0	0	0	0	0	0	0	0	0	0	0	0	0	0	0	
0	0	0	0	0	0	0	0	0	0	0	0	0	0	0	0	0	
0	0	0	0	0	0	0	0	0	0	0	0	0	0	0	0	0	
0	0	0	0	0	0	0	0	0	0	0	0	0	0	0	0	0	
0	0	0	0	0	0	0	0	0	0	0	0	0	0	0	0	0	
0	0	0	0	0	0	0	0	0	0	0	0	0	0	0	0	0	
0	0	0	0	0	0	0	0	0	0	0	0	0	0	0	0	0	

0	0	0	0	0	0	0	0	0	0	0	0	0	0	0	0	0	
0	0	0	0	0	0	0	0	0	0	0	0	0	0	0	0	0	
0	0	0	0	0	0	0	0	0	0	0	0	0	0	0	0	0	
0	0	0	0	0	0	0	0	0	0	0	0	0	0	0	0	0	
0	0	0	0	0	0	0	0	0	0	0	0	0	0	0	0	0	
0	0	0	0	0	0	0	0	0	0	0	0	0	0	0	0	0	
0	0	0	0	0	0	0	0	7.69907e-006	0	0	0	0	0	0	0	0	
0	0	0	0	0	0	0	1.53981e-005	7.23571e-005	1.53981e-005	0	0	0	0	0	0	0	
0	0	0	0	0	0	7.69907e-006	7.23571e-005	0.00022263	7.23571e-005	7.69907e-006	0	0	0	0	0	0	
0	0	0	0	0	0	0	1.53981e-005	7.23571e-005	1.53981e-005	0	0	0	0	0	0	0	
0	0	0	0	0	0	0	0	7.69907e-006	0	0	0	0	0	0	0	0	
0	0	0	0	0	0	0	0	0	0	0	0	0	0	0	0	0	
0	0	0	0	0	0	0	0	0	0	0	0	0	0	0	0	0	
0	0	0	0	0	0	0	0	0	0	0	0	0	0	0	0	0	
0	0	0	0	0	0	0	0	0	0	0	0	0	0	0	0	0	
0	0	0	0	0	0	0	0	0	0	0	0	0	0	0	0	0	
0	0	0	0	0	0	0	0	0	0	0	0	0	0	0	0	0	

0	0	0	0	0	0	0	0	0	0	0	0	0	0	0	0	0	
0	0	0	0	0	0	0	0	0	0	0	0	0	0	0	0	0	
0	0	0	0	0	0	0	0	0	0	0	0	0	0	0	0	0	
0	0	0	0	0	0	0	0	0	0	0	0	0	0	0	0	0	
0	0	0	0	0	0	0	0	0	0	0	0	0	0	0	0	0	
0	0	0	0	0	0	0	0	1.92301e-006	0	0	0	0	0	0	0	0	
0	0	0	0	0	0	0	5.76904e-006	2.57789e-005	5.76904e-006	0	0	0	0	0	0	0	
0	0	0	0	0	0	5.76904e-006	5.15578e-005	0.000106821	5.15578e-005	5.76904e-006	0	0	0	0	0	0	
0	0	0	0	0	1.92301e-006	2.57789e-005	0.000106821	0.000296786	0.000106821	2.57789e-005	1.92301e-006	0	0	0	0	0	
0	0	0	0	0	0	5.76904e-006	5.15578e-005	0.000106821	5.15578e-005	5.76904e-006	0	0	0	0	0	0	
0	0	0	0	0	0	0	5.76904e-006	2.57789e-005	5.76904e-006	0	0	0	0	0	0	0	
0	0	0	0	0	0	0	0	1.92301e-006	0	0	0	0	0	0	0	0	
0	0	0	0	0	0	0	0	0	0	0	0	0	0	0	0	0	
0	0	0	0	0	0	0	0	0	0	0	0	0	0	0	0	0	
0	0	0	0	0	0	0	0	0	0	0	0	0	0	0	0	0	
0	0	0	0	0	0	0	0	0	0	0	0	0	0	0	0	0	
0	0	0	0	0	0	0	0	0	0	0	0	0	0	0	0	0	

0	0	0	0	0	0	0	0	0	0	0	0	0	0	0	0	0	
0	0	0	0	0	0	0	0	0	0	0	0	0	0	0	0	0	
0	0	0	0	0	0	0	0	0	0	0	0	0	0	0	0	0	
0	0	0	0	0	0	0	0	0	0	0	0	0	0	0	0	0	
0	0	0	0	0	0	0	0	4.80316e-007	0	0	0	0	0	0	0	0	
0	0	0	0	0	0	0	1.92126e-006	8.36362e-006	1.92126e-006	0	0	0	0	0	0	0	
0	0	0	0	0	0	2.8819e-006	2.50909e-005	4.81463e-005	2.50909e-005	2.8819e-006	0	0	0	0	0	0	
0	0	0	0	0	1.92126e-006	2.50909e-005	9.24501e-005	0.000140884	9.24501e-005	2.50909e-005	1.92126e-006	0	0	0	0	0	
0	0	0	0	4.80316e-007	8.36362e-006	4.81463e-005	0.000140884	0.000393669	0.000140884	4.81463e-005	8.36362e-006	4.80316e-007	0	0	0	0	
0	0	0	0	0	1.92126e-006	2.50909e-005	9.24501e-005	0.000140884	9.24501e-005	2.50909e-005	1.92126e-006	0	0	0	0	0	
0	0	0	0	0	0	2.8819e-006	2.50909e-005	4.81463e-005	2.50909e-005	2.8819e-006	0	0	0	0	0	0	
0	0	0	0	0	0	0	1.92126e-006	8.36362e-006	1.92126e-006	0	0	0	0	0	0	0	
0	0	0	0	0	0	0	0	4.80316e-007	0	0	0	0	0	0	0	0	
0	0	0	0	0	0	0	0	0	0	0	0	0	0	0	0	0	
0	0	0	0	0	0	0	0	0	0	0	0	0	0	0	0	0	
0	0	0	0	0	0	0	0	0	0	0	0	0	0	0	0	0	
0	0	0	0	0	0	0	0	0	0	0	0	0	0	0	0	0	

0	0	0	0	0	0	0	0	0	0	0	0	0	0	0	0	0	
0	0	0	0	0	0	0	0	0	0	0	0	0	0	0	0	0	
0	0	0	0	0	0	0	0	0	0	0	0	0	0	0	0	0	
0	0	0	0	0	0	0	0	1.1997e-007	0	0	0	0	0	0	0	0	
0	0	0	0	0	0	0	5.99848e-007	2.56975e-006	5.99848e-007	0	0	0	0	0	0	0	
0	0	0	0	0	0	1.1997e-006	1.0279e-005	1.95536e-005	1.0279e-005	1.1997e-006	0	0	0	0	0	0	
0	0	0	0	0	1.1997e-006	1.54185e-005	5.56615e-005	7.22232e-005	5.56615e-005	1.54185e-005	1.1997e-006	0	0	0	0	0	
0	0	0	0	5.99848e-007	1.0279e-005	5.56615e-005	0.000123888	0.000190728	0.000123888	5.56615e-005	1.0279e-005	5.99848e-007	0	0	0	0	
0	0	0	1.1997e-007	2.56975e-006	1.95536e-005	7.22232e-005	0.000190728	0.000519575	0.000190728	7.22232e-005	1.95536e-005	2.56975e-006	1.1997e-007	0	0	0	
0	0	0	0	5.99848e-007	1.0279e-005	5.56615e-005	0.000123888	0.000190728	0.000123888	5.56615e-005	1.0279e-005	5.99848e-007	0	0	0	0	
0	0	0	0	0	1.1997e-006	1.54185e-005	5.56615e-005	7.22232e-005	5.56615e-005	1.54185e-005	1.1997e-006	0	0	0	0	0	
0	0	0	0	0	0	1.1997e-006	1.0279e-005	1.95536e-005	1.0279e-005	1.1997e-006	0	0	0	0	0	0	
0	0	0	0	0	0	0	5.99848e-007	2.56975e-006	5.99848e-007	0	0	0	0	0	0	0	
0	0	0	0	0	0	0	0	1.1997e-007	0	0	0	0	0	0	0	0	
0	0	0	0	0	0	0	0	0	0	0	0	0	0	0	0	0	
0	0	0	0	0	0	0	0	0	0	0	0	0	0	0	0	0	
0	0	0	0	0	0	0	0	0	0	0	0	0	0	0	0	0	

0	0	0	0	0	0	0	0	0	0	0	0	0	0	0	0	0	
0	0	0	0	0	0	0	0	0	0	0	0	0	0	0	0	0	
0	0	0	0	0	0	0	0	2.73913e-008	0	0	0	0	0	0	0	0	
0	0	0	0	0	0	0	1.79791e-007	7.62139e-007	1.79791e-007	0	0	0	0	0	0	0	
0	0	0	0	0	0	4.49476e-007	3.80966e-006	7.30534e-006	3.80966e-006	4.49476e-007	0	0	0	0	0	0	
0	0	0	0	0	5.99302e-007	7.61932e-006	2.76032e-005	3.50238e-005	2.76032e-005	7.61932e-006	5.99302e-007	0	0	0	0	0	
0	0	0	0	4.49476e-007	7.61932e-006	4.09554e-005	8.60231e-005	0.000104471	8.60231e-005	4.09554e-005	7.61932e-006	4.49476e-007	0	0	0	0	
0	0	0	1.79791e-007	3.80966e-006	2.76032e-005	8.60231e-005	0.000154634	0.00025972	0.000154634	8.60231e-005	2.76032e-005	3.80966e-006	1.79791e-007	0	0	0	
0	0	2.67763e-008	7.62139e-007	7.30534e-006	3.50238e-005	0.000104471	0.00025972	0.000682329	0.00025972	0.000104471	3.50238e-005	7.30534e-006	7.62139e-007	2.65691e-008	0	0	
0	0	0	1.79791e-007	3.80966e-006	2.76032e-005	8.60231e-005	0.000154634	0.00025972	0.000154634	8.60231e-005	2.76032e-005	3.80966e-006	1.79791e-007	0	0	0	
0	0	0	0	4.49476e-007	7.61932e-006	4.09554e-005	8.60231e-005	0.000104471	8.60231e-005	4.09554e-005	7.61932e-006	4.49476e-007	0	0	0	0	
0	0	0	0	0	5.99302e-007	7.61932e-006	2.76032e-005	3.50238e-005	2.76032e-005	7.61932e-006	5.99302e-007	0	0	0	0	0	
0	0	0	0	0	0	4.49476e-007	3.80966e-006	7.30534e-006	3.80966e-006	4.49476e-007	0	0	0	0	0	0	
0	0	0	0	0	0	0	1.79791e-007	7.62139e-007	1.79791e-007	0	0	0	0	0	0	0	
0	0	0	0	0	0	0	0	2.73913e-008	0	0	0	0	0	0	0	0	
0	0	0	0	0	0	0	0	0	0	0	0	0	0	0	0	0	
0	0	0	0	0	0	0	0	0	0	0	0	0	0	0	0	0	

0	0	0	0	0	0	0	0	0	0	0	0	0	0	0	0	0	
0	0	0	0	0	0	0	0	1.83124e-009	0	0	0	0	0	0	0	0	
0	0	0	0	0	0	0	4.67158e-008	2.07148e-007	4.67158e-008	0	0	0	0	0	0	0	
0	0	0	0	0	0	1.57173e-007	1.32217e-006	2.5655e-006	1.32217e-006	1.57173e-007	0	0	0	0	0	0	
0	0	0	0	0	2.61956e-007	3.30453e-006	1.20896e-005	1.55837e-005	1.20896e-005	3.30453e-006	2.61956e-007	0	0	0	0	0	
0	0	0	0	2.61956e-007	4.40604e-006	2.38126e-005	5.04381e-005	5.72097e-005	5.04381e-005	2.38126e-005	4.40604e-006	2.61956e-007	0	0	0	0	
0	0	0	1.57173e-007	3.30453e-006	2.38126e-005	7.23527e-005	0.000112281	0.000148934	0.000112281	7.23527e-005	2.38126e-005	3.30453e-006	1.57173e-007	0	0	0	
0	0	4.55427e-008	1.32217e-006	1.20896e-005	5.04381e-005	0.000112281	0.0002036	0.000342996	0.0002036	0.000112281	5.04381e-005	1.20896e-005	1.32217e-006	4.51487e-008	0	0	
0	1.51685e-009	2.02371e-007	2.56535e-006	1.55837e-005	5.72097e-005	0.000148934	0.000342996	0.000891595	0.000342996	0.000148934	5.72097e-005	1.55837e-005	2.5653e-006	2.00919e-007	1.50511e-009	0	
0	0	4.55427e-008	1.32217e-006	1.20896e-005	5.04381e-005	0.000112281	0.0002036	0.000342996	0.0002036	0.000112281	5.04381e-005	1.20896e-005	1.32217e-006	4.51487e-008	0	0	
0	0	0	1.57173e-007	3.30453e-006	2.38126e-005	7.23527e-005	0.000112281	0.000148934	0.000112281	7.23527e-005	2.38126e-005	3.30453e-006	1.57173e-007	0	0	0	
0	0	0	0	2.61956e-007	4.40604e-006	2.38126e-005	5.04381e-005	5.72097e-005	5.04381e-005	2.38126e-005	4.40604e-006	2.61956e-007	0	0	0	0	
0	0	0	0	0	2.61956e-007	3.30453e-006	1.20896e-005	1.55837e-005	1.20896e-005	3.30453e-006	2.61956e-007	0	0	0	0	0	
0	0	0	0	0	0	1.57173e-007	1.32217e-006	2.5655e-006	1.32217e-006	1.57173e-007	0	0	0	0	0	0	
0	0	0	0	0	0	-2.59793e+029	4.67158e-008	2.07148e-007	4.67158e-008	0	0	0	0	0	0	0	
0	0	0	0	0	0	0	0	1.83124e-009	0	0	0	0	0	0	0	0	
0	0	0	0	0	0	0	0	0	0	0	0	0	0	0	0	0	

0	0	0	0	0	0	0	0	0	0	0	0	0	0	0	0	0	
0	0	0	0	0	0	0	3.19145e-009	1.70648e-008	3.19145e-009	0	0	0	0	0	0	0	
0	0	0	0	0	0	-2.08839e+030	4.01126e-007	8.2917e-007	4.01126e-007	4.55495e-008	0	0	0	0	0	0	
0	0	0	0	0	1.04687e-007	1.31321e-006	4.85723e-006	6.41468e-006	4.85723e-006	1.31321e-006	1.04687e-007	0	0	0	0	0	
0	0	0	0	1.30859e-007	2.18808e-006	1.19301e-005	2.5937e-005	2.9262e-005	2.5937e-005	1.19301e-005	2.18808e-006	1.30859e-007	0	0	0	0	
0	0	0	1.04687e-007	2.18808e-006	1.5837e-005	4.88106e-005	7.41823e-005	8.8526e-005	7.41823e-005	4.88106e-005	1.5837e-005	2.18808e-006	1.04687e-007	0	0	0	
0	0	4.42897e-008	1.31321e-006	1.19301e-005	4.88106e-005	9.9448e-005	0.000145083	0.000200649	0.000145083	9.9448e-005	4.88106e-005	1.19301e-005	1.31321e-006	4.38679e-008	0	0	
0	2.62786e-009	3.90791e-007	4.8569e-006	2.5937e-005	7.41823e-005	0.000145083	0.000276583	0.000445191	0.000276583	0.000145083	7.41823e-005	2.5937e-005	4.85679e-006	3.87621e-007	2.60517e-009	0	
0	1.39336e-008	8.09475e-007	6.41334e-006	2.9262e-005	8.8526e-005	0.000200649	0.000445191	0.00115923	0.000445191	0.000200649	8.8526e-005	2.9262e-005	6.41293e-006	8.0421e-007	1.38322e-008	0	
0	2.62786e-009	3.90791e-007	4.8569e-006	2.5937e-005	7.41823e-005	0.000145083	0.000276583	0.000445191	0.000276583	0.000145083	7.41823e-005	2.5937e-005	4.85679e-006	3.87621e-007	2.60517e-009	0	
0	0	4.42897e-008	1.31321e-006	1.19301e-005	4.88106e-005	9.9448e-005	0.000145083	0.000200649	0.000145083	9.9448e-005	4.88106e-005	1.19301e-005	1.31321e-006	4.38679e-008	0	0	
0	0	0	1.04687e-007	2.18808e-006	1.5837e-005	4.88106e-005	7.41823e-005	8.8526e-005	7.41823e-005	4.88106e-005	1.5837e-005	2.18808e-006	1.04687e-007	0	0	0	
0	0	0	0	1.30859e-007	2.18808e-006	1.19301e-005	2.5937e-005	2.9262e-005	2.5937e-005	1.19301e-005	2.18808e-006	1.30859e-007	0	0	0	0	
0	0	0	0	0	1.04687e-007	-6.44416e+028	4.85723e-006	6.41468e-006	4.85723e-006	1.31321e-006	1.04687e-007	0	0	0	0	0	
0	0	0	0	3.74079e+027	-5.61553e+028	-1.#IND	-5.37422e+028	8.2917e-007	4.01126e-007	4.55495e-008	0	0	0	0	0	0	
0	0	0	0	0	0	1.#INF	3.19145e-009	1.70648e-008	3.19145e-009	0	0	0	0	0	0	0	
0	0	0	0	0	0	0	0	0	0	0	0	0	0	0	0	0	

0	0	0	0	0	0	0	0	0	0	0	0	0	0	0	0	0	
0	0	0	0	0	0	1.#INF	3.30534e-008	8.39753e-008	3.30534e-008	3.16418e-009	0	0	-1.56042e-013	3.31957e-013	0	0	
0	0	0	0	0	-4.22316e+029	-1.#IND	-4.32015e+029	2.43372e-006	1.729e-006	4.37713e-007	3.33246e-008	0	0	0	0	0	
0	0	0	0	5.88328e-008	9.79488e-007	-5.18024e+029	1.20565e-005	1.38082e-005	1.20565e-005	5.39002e-006	9.79488e-007	5.88328e-008	0	0	0	0	
0	0	0	5.88328e-008	1.22402e-006	8.92242e-006	2.81809e-005	4.39016e-005	5.03753e-005	4.39016e-005	2.81809e-005	8.92242e-006	1.22402e-006	5.88328e-008	0	0	0	
0	0	3.23216e-008	9.79488e-007	8.92242e-006	3.69215e-005	7.5346e-005	0.000100831	0.00012588	0.000100831	7.5346e-005	3.69215e-005	8.92242e-006	9.79488e-007	3.19869e-008	0	0	
0	2.59197e-009	4.25304e-007	5.38962e-006	2.81809e-005	7.5346e-005	0.000124044	0.000195502	0.000257681	0.000195502	0.000124044	7.5346e-005	2.81809e-005	5.38949e-006	4.21472e-007	2.56736e-009	0	
0	2.68529e-008	1.68347e-006	1.20532e-005	4.39015e-005	0.000100831	0.000195502	0.000368103	0.000580426	0.000368103	0.000195502	0.000100831	4.39014e-005	1.20522e-005	1.6711e-006	2.66332e-008	0	
0	6.75372e-008	2.37358e-006	1.3802e-005	5.03749e-005	0.00012588	0.000257681	0.000580426	0.00149969	0.000580426	0.000257681	0.00012588	5.03748e-005	1.38002e-005	2.35963e-006	6.70816e-008	0	
0	2.68529e-008	1.68347e-006	1.20532e-005	4.39015e-005	0.000100831	0.000195502	0.000368103	0.000580426	0.000368103	0.000195502	0.000100831	4.39014e-005	1.20522e-005	1.6711e-006	2.66332e-008	0	
0	2.59197e-009	4.25304e-007	5.38962e-006	2.81809e-005	7.5346e-005	0.000124044	0.000195502	0.000257681	0.000195502	0.000124044	7.5346e-005	2.81809e-005	5.38949e-006	4.21472e-007	2.56736e-009	0	
0	0	3.23216e-008	9.79488e-007	8.92242e-006	3.69215e-005	7.5346e-005	0.000100831	0.00012588	0.000100831	7.5346e-005	3.69215e-005	8.92242e-006	9.79488e-007	3.19869e-008	0	0	
0	0	0	5.88328e-008	1.22402e-006	8.92242e-006	-1.60957e+028	4.39016e-005	5.03753e-005	4.39016e-005	2.81809e-005	8.92242e-006	1.22402e-006	5.88328e-008	0	0	0	
0	0	0	0	9.27902e+026	-3.0025e+028	-1.#IND	-2.94265e+028	1.38082e-005	1.20565e-005	5.39002e-006	9.79488e-007	5.88328e-008	0	0	0	0	
0	0	0	1.16897e+027	-1.#IND	-1.#IND	-1.#IND	-1.#IND	-1.11174e+028	1.729e-006	4.37713e-007	3.33246e-008	0	0	0	0	0	
0	0	0	0	-1.#IND	-1.#IND	-1.#IND	-1.#IND	8.39753e-008	3.30534e-008	3.16418e-009	0	0	0	0	0	0	
0	0	0	0	0	0	0	0	0	0	0	0	0	0	0	0	0	

