0	0	0	0	0	0	0	0	0	0	0	0	0	0	0	0	0	
0	0	0	0	0	0	0	0	0	0	0	0	0	0	0	0	0	
0	0	0	0	0	0	0	0	0	0	0	0	0	0	0	0	0	
0	0	0	0	0	0	0	0	0	0	0	0	0	0	0	0	0	
0	0	0	0	0	0	0	0	0	0	0	0	0	0	0	0	0	
0	0	0	0	0	0	0	0	0	0	0	0	0	0	0	0	0	
0	0	0	0	0	0	0	0	0	0	0	0	0	0	0	0	0	
0	0	0	0	0	0	0	0	0	0	0	0	0	0	0	0	0	
0	0	0	0	0	0	0	0	0.00012341	0	0	0	0	0	0	0	0	
0	0	0	0	0	0	0	0	0	0	0	0	0	0	0	0	0	
0	0	0	0	0	0	0	0	0	0	0	0	0	0	0	0	0	
0	0	0	0	0	0	0	0	0	0	0	0	0	0	0	0	0	
0	0	0	0	0	0	0	0	0	0	0	0	0	0	0	0	0	
0	0	0	0	0	0	0	0	0	0	0	0	0	0	0	0	0	
0	0	0	0	0	0	0	0	0	0	0	0	0	0	0	0	0	
0	0	0	0	0	0	0	0	0	0	0	0	0	0	0	0	0	
0	0	0	0	0	0	0	0	0	0	0	0	0	0	0	0	0	

0	0	0	0	0	0	0	0	0	0	0	0	0	0	0	0	0	
0	0	0	0	0	0	0	0	0	0	0	0	0	0	0	0	0	
0	0	0	0	0	0	0	0	0	0	0	0	0	0	0	0	0	
0	0	0	0	0	0	0	0	0	0	0	0	0	0	0	0	0	
0	0	0	0	0	0	0	0	0	0	0	0	0	0	0	0	0	
0	0	0	0	0	0	0	0	0	0	0	0	0	0	0	0	0	
0	0	0	0	0	0	0	0	0	0	0	0	0	0	0	0	0	
0	0	0	0	0	0	0	0	3.08244e-005	0	0	0	0	0	0	0	0	
0	0	0	0	0	0	0	3.08244e-005	0.00016617	3.08244e-005	0	0	0	0	0	0	0	
0	0	0	0	0	0	0	0	3.08244e-005	0	0	0	0	0	0	0	0	
0	0	0	0	0	0	0	0	0	0	0	0	0	0	0	0	0	
0	0	0	0	0	0	0	0	0	0	0	0	0	0	0	0	0	
0	0	0	0	0	0	0	0	0	0	0	0	0	0	0	0	0	
0	0	0	0	0	0	0	0	0	0	0	0	0	0	0	0	0	
0	0	0	0	0	0	0	0	0	0	0	0	0	0	0	0	0	
0	0	0	0	0	0	0	0	0	0	0	0	0	0	0	0	0	
0	0	0	0	0	0	0	0	0	0	0	0	0	0	0	0	0	

0	0	0	0	0	0	0	0	0	0	0	0	0	0	0	0	0	
0	0	0	0	0	0	0	0	0	0	0	0	0	0	0	0	0	
0	0	0	0	0	0	0	0	0	0	0	0	0	0	0	0	0	
0	0	0	0	0	0	0	0	0	0	0	0	0	0	0	0	0	
0	0	0	0	0	0	0	0	0	0	0	0	0	0	0	0	0	
0	0	0	0	0	0	0	0	0	0	0	0	0	0	0	0	0	
0	0	0	0	0	0	0	0	7.69907e-006	0	0	0	0	0	0	0	0	
0	0	0	0	0	0	0	1.53981e-005	7.23571e-005	1.53981e-005	0	0	0	0	0	0	0	
0	0	0	0	0	0	7.69907e-006	7.23571e-005	0.00022263	7.23571e-005	7.69907e-006	0	0	0	0	0	0	
0	0	0	0	0	0	0	1.53981e-005	7.23571e-005	1.53981e-005	0	0	0	0	0	0	0	
0	0	0	0	0	0	0	0	7.69907e-006	0	0	0	0	0	0	0	0	
0	0	0	0	0	0	0	0	0	0	0	0	0	0	0	0	0	
0	0	0	0	0	0	0	0	0	0	0	0	0	0	0	0	0	
0	0	0	0	0	0	0	0	0	0	0	0	0	0	0	0	0	
0	0	0	0	0	0	0	0	0	0	0	0	0	0	0	0	0	
0	0	0	0	0	0	0	0	0	0	0	0	0	0	0	0	0	
0	0	0	0	0	0	0	0	0	0	0	0	0	0	0	0	0	

0	0	0	0	0	0	0	0	0	0	0	0	0	0	0	0	0	
0	0	0	0	0	0	0	0	0	0	0	0	0	0	0	0	0	
0	0	0	0	0	0	0	0	0	0	0	0	0	0	0	0	0	
0	0	0	0	0	0	0	0	0	0	0	0	0	0	0	0	0	
0	0	0	0	0	0	0	0	0	0	0	0	0	0	0	0	0	
0	0	0	0	0	0	0	0	1.92301e-006	0	0	0	0	0	0	0	0	
0	0	0	0	0	0	0	5.76904e-006	2.57789e-005	5.76904e-006	0	0	0	0	0	0	0	
0	0	0	0	0	0	5.76904e-006	5.15578e-005	0.000106821	5.15578e-005	5.76904e-006	0	0	0	0	0	0	
0	0	0	0	0	1.92301e-006	2.57789e-005	0.000106821	0.000296786	0.000106821	2.57789e-005	1.92301e-006	0	0	0	0	0	
0	0	0	0	0	0	5.76904e-006	5.15578e-005	0.000106821	5.15578e-005	5.76904e-006	0	0	0	0	0	0	
0	0	0	0	0	0	0	5.76904e-006	2.57789e-005	5.76904e-006	0	0	0	0	0	0	0	
0	0	0	0	0	0	0	0	1.92301e-006	0	0	0	0	0	0	0	0	
0	0	0	0	0	0	0	0	0	0	0	0	0	0	0	0	0	
0	0	0	0	0	0	0	0	0	0	0	0	0	0	0	0	0	
0	0	0	0	0	0	0	0	0	0	0	0	0	0	0	0	0	
0	0	0	0	0	0	0	0	0	0	0	0	0	0	0	0	0	
0	0	0	0	0	0	0	0	0	0	0	0	0	0	0	0	0	

0	0	0	0	0	0	0	0	0	0	0	0	0	0	0	0	0	
0	0	0	0	0	0	0	0	0	0	0	0	0	0	0	0	0	
0	0	0	0	0	0	0	0	0	0	0	0	0	0	0	0	0	
0	0	0	0	0	0	0	0	0	0	0	0	0	0	0	0	0	
0	0	0	0	0	0	0	0	4.80316e-007	0	0	0	0	0	0	0	0	
0	0	0	0	0	0	0	1.92126e-006	8.36362e-006	1.92126e-006	0	0	0	0	0	0	0	
0	0	0	0	0	0	2.8819e-006	2.50909e-005	4.81463e-005	2.50909e-005	2.8819e-006	0	0	0	0	0	0	
0	0	0	0	0	1.92126e-006	2.50909e-005	9.24501e-005	0.000140884	9.24501e-005	2.50909e-005	1.92126e-006	0	0	0	0	0	
0	0	0	0	4.80316e-007	8.36362e-006	4.81463e-005	0.000140884	0.000393669	0.000140884	4.81463e-005	8.36362e-006	4.80316e-007	0	0	0	0	
0	0	0	0	0	1.92126e-006	2.50909e-005	9.24501e-005	0.000140884	9.24501e-005	2.50909e-005	1.92126e-006	0	0	0	0	0	
0	0	0	0	0	0	2.8819e-006	2.50909e-005	4.81463e-005	2.50909e-005	2.8819e-006	0	0	0	0	0	0	
0	0	0	0	0	0	0	1.92126e-006	8.36362e-006	1.92126e-006	0	0	0	0	0	0	0	
0	0	0	0	0	0	0	0	4.80316e-007	0	0	0	0	0	0	0	0	
0	0	0	0	0	0	0	0	0	0	0	0	0	0	0	0	0	
0	0	0	0	0	0	0	0	0	0	0	0	0	0	0	0	0	
0	0	0	0	0	0	0	0	0	0	0	0	0	0	0	0	0	
0	0	0	0	0	0	0	0	0	0	0	0	0	0	0	0	0	

0	0	0	0	0	0	0	0	0	0	0	0	0	0	0	0	0	
0	0	0	0	0	0	0	0	0	0	0	0	0	0	0	0	0	
0	0	0	0	0	0	0	0	0	0	0	0	0	0	0	0	0	
0	0	0	0	0	0	0	0	1.1997e-007	0	0	0	0	0	0	0	0	
0	0	0	0	0	0	0	5.99848e-007	2.56975e-006	5.99848e-007	0	0	0	0	0	0	0	
0	0	0	0	0	0	1.1997e-006	1.0279e-005	1.95536e-005	1.0279e-005	1.1997e-006	0	0	0	0	0	0	
0	0	0	0	0	1.1997e-006	1.54185e-005	5.56615e-005	7.22232e-005	5.56615e-005	1.54185e-005	1.1997e-006	0	0	0	0	0	
0	0	0	0	5.99848e-007	1.0279e-005	5.56615e-005	0.000123888	0.000190728	0.000123888	5.56615e-005	1.0279e-005	5.99848e-007	0	0	0	0	
0	0	0	1.1997e-007	2.56975e-006	1.95536e-005	7.22232e-005	0.000190728	0.000519575	0.000190728	7.22232e-005	1.95536e-005	2.56975e-006	1.1997e-007	0	0	0	
0	0	0	0	5.99848e-007	1.0279e-005	5.56615e-005	0.000123888	0.000190728	0.000123888	5.56615e-005	1.0279e-005	5.99848e-007	0	0	0	0	
0	0	0	0	0	1.1997e-006	1.54185e-005	5.56615e-005	7.22232e-005	5.56615e-005	1.54185e-005	1.1997e-006	0	0	0	0	0	
0	0	0	0	0	0	1.1997e-006	1.0279e-005	1.95536e-005	1.0279e-005	1.1997e-006	0	0	0	0	0	0	
0	0	0	0	0	0	0	5.99848e-007	2.56975e-006	5.99848e-007	0	0	0	0	0	0	0	
0	0	0	0	0	0	0	0	1.1997e-007	0	0	0	0	0	0	0	0	
0	0	0	0	0	0	0	0	0	0	0	0	0	0	0	0	0	
0	0	0	0	0	0	0	0	0	0	0	0	0	0	0	0	0	
0	0	0	0	0	0	0	0	0	0	0	0	0	0	0	0	0	

0	0	0	0	0	0	0	0	0	0	0	0	0	0	0	0	0	
0	0	0	0	0	0	0	0	0	0	0	0	0	0	0	0	0	
0	0	0	0	0	0	0	0	2.67763e-008	0	0	0	0	0	0	0	0	
0	0	0	0	0	0	0	1.79791e-007	7.62139e-007	1.79791e-007	0	0	0	0	0	0	0	
0	0	0	0	0	0	4.49476e-007	3.80966e-006	7.30534e-006	3.80966e-006	4.49476e-007	0	0	0	0	0	0	
0	0	0	0	0	5.99302e-007	7.61932e-006	2.76032e-005	3.50238e-005	2.76032e-005	7.61932e-006	5.99302e-007	0	0	0	0	0	
0	0	0	0	4.49476e-007	7.61932e-006	4.09554e-005	8.60231e-005	0.000104471	8.60231e-005	4.09554e-005	7.61932e-006	4.49476e-007	0	0	0	0	
0	0	0	1.79791e-007	3.80966e-006	2.76032e-005	8.60231e-005	0.000154634	0.00025972	0.000154634	8.60231e-005	2.76032e-005	3.80966e-006	1.79791e-007	0	0	0	
0	0	2.67763e-008	7.62139e-007	7.30534e-006	3.50238e-005	0.000104471	0.00025972	0.000682329	0.00025972	0.000104471	3.50238e-005	7.30534e-006	7.62139e-007	2.67763e-008	0	0	
0	0	0	1.79791e-007	3.80966e-006	2.76032e-005	8.60231e-005	0.000154634	0.00025972	0.000154634	8.60231e-005	2.76032e-005	3.80966e-006	1.79791e-007	0	0	0	
0	0	0	0	4.49476e-007	7.61932e-006	4.09554e-005	8.60231e-005	0.000104471	8.60231e-005	4.09554e-005	7.61932e-006	4.49476e-007	0	0	0	0	
0	0	0	0	0	5.99302e-007	7.61932e-006	2.76032e-005	3.50238e-005	2.76032e-005	7.61932e-006	5.99302e-007	0	0	0	0	0	
0	0	0	0	0	0	4.49476e-007	3.80966e-006	7.30534e-006	3.80966e-006	4.49476e-007	0	0	0	0	0	0	
0	0	0	0	0	0	0	1.79791e-007	7.62139e-007	1.79791e-007	0	0	0	0	0	0	0	
0	0	0	0	0	0	0	0	2.67763e-008	0	0	0	0	0	0	0	0	
0	0	0	0	0	0	0	0	0	0	0	0	0	0	0	0	0	
0	0	0	0	0	0	0	0	0	0	0	0	0	0	0	0	0	

0	0	0	0	0	0	0	0	0	0	0	0	0	0	0	0	0	
0	0	0	0	0	0	0	0	1.51685e-009	0	0	0	0	0	0	0	0	
0	0	0	0	0	0	0	4.55427e-008	2.02371e-007	4.55427e-008	0	0	0	0	0	0	0	
0	0	0	0	0	0	1.57173e-007	1.32217e-006	2.56535e-006	1.32217e-006	1.57173e-007	0	0	0	0	0	0	
0	0	0	0	0	2.61956e-007	3.30453e-006	1.20896e-005	1.55837e-005	1.20896e-005	3.30453e-006	2.61956e-007	0	0	0	0	0	
0	0	0	0	2.61956e-007	4.40604e-006	2.38126e-005	5.04381e-005	5.72097e-005	5.04381e-005	2.38126e-005	4.40604e-006	2.61956e-007	0	0	0	0	
0	0	0	1.57173e-007	3.30453e-006	2.38126e-005	7.23527e-005	0.000112281	0.000148934	0.000112281	7.23527e-005	2.38126e-005	3.30453e-006	1.57173e-007	0	0	0	
0	0	4.55427e-008	1.32217e-006	1.20896e-005	5.04381e-005	0.000112281	0.0002036	0.000342996	0.0002036	0.000112281	5.04381e-005	1.20896e-005	1.32217e-006	4.55427e-008	0	0	
0	1.51685e-009	2.02371e-007	2.56535e-006	1.55837e-005	5.72097e-005	0.000148934	0.000342996	0.000891595	0.000342996	0.000148934	5.72097e-005	1.55837e-005	2.56535e-006	2.02371e-007	1.51685e-009	0	
0	0	4.55427e-008	1.32217e-006	1.20896e-005	5.04381e-005	0.000112281	0.0002036	0.000342996	0.0002036	0.000112281	5.04381e-005	1.20896e-005	1.32217e-006	4.55427e-008	0	0	
0	0	0	1.57173e-007	3.30453e-006	2.38126e-005	7.23527e-005	0.000112281	0.000148934	0.000112281	7.23527e-005	2.38126e-005	3.30453e-006	1.57173e-007	0	0	0	
0	0	0	0	2.61956e-007	4.40604e-006	2.38126e-005	5.04381e-005	5.72097e-005	5.04381e-005	2.38126e-005	4.40604e-006	2.61956e-007	0	0	0	0	
0	0	0	0	0	2.61956e-007	3.30453e-006	1.20896e-005	1.55837e-005	1.20896e-005	3.30453e-006	2.61956e-007	0	0	0	0	0	
0	0	0	0	0	0	1.57173e-007	1.32217e-006	2.56535e-006	1.32217e-006	1.57173e-007	0	0	0	0	0	0	
0	0	0	0	0	0	0	4.55427e-008	2.02371e-007	4.55427e-008	0	0	0	0	0	0	0	
0	0	0	0	0	0	0	0	1.51685e-009	0	0	0	0	0	0	0	0	
0	0	0	0	0	0	0	0	0	0	0	0	0	0	0	0	0	

0	0	0	0	0	0	0	0	0	0	0	0	0	0	0	0	0	
0	0	0	0	0	0	0	2.62786e-009	1.39336e-008	2.62786e-009	0	0	0	0	0	0	0	
0	0	0	0	0	0	4.42897e-008	3.90791e-007	8.09475e-007	3.90791e-007	4.42897e-008	0	0	0	0	0	0	
0	0	0	0	0	1.04687e-007	1.31321e-006	4.8569e-006	6.41334e-006	4.8569e-006	1.31321e-006	1.04687e-007	0	0	0	0	0	
0	0	0	0	1.30859e-007	2.18808e-006	1.19301e-005	2.5937e-005	2.9262e-005	2.5937e-005	1.19301e-005	2.18808e-006	1.30859e-007	0	0	0	0	
0	0	0	1.04687e-007	2.18808e-006	1.5837e-005	4.88106e-005	7.41823e-005	8.8526e-005	7.41823e-005	4.88106e-005	1.5837e-005	2.18808e-006	1.04687e-007	0	0	0	
0	0	4.42897e-008	1.31321e-006	1.19301e-005	4.88106e-005	9.9448e-005	0.000145083	0.000200649	0.000145083	9.9448e-005	4.88106e-005	1.19301e-005	1.31321e-006	4.42897e-008	0	0	
0	2.62786e-009	3.90791e-007	4.8569e-006	2.5937e-005	7.41823e-005	0.000145083	0.000276583	0.000445191	0.000276583	0.000145083	7.41823e-005	2.5937e-005	4.8569e-006	3.90791e-007	2.62786e-009	0	
0	1.39336e-008	8.09475e-007	6.41334e-006	2.9262e-005	8.8526e-005	0.000200649	0.000445191	0.00115923	0.000445191	0.000200649	8.8526e-005	2.9262e-005	6.41334e-006	8.09475e-007	1.39336e-008	0	
0	2.62786e-009	3.90791e-007	4.8569e-006	2.5937e-005	7.41823e-005	0.000145083	0.000276583	0.000445191	0.000276583	0.000145083	7.41823e-005	2.5937e-005	4.8569e-006	3.90791e-007	2.62786e-009	0	
0	0	4.42897e-008	1.31321e-006	1.19301e-005	4.88106e-005	9.9448e-005	0.000145083	0.000200649	0.000145083	9.9448e-005	4.88106e-005	1.19301e-005	1.31321e-006	4.42897e-008	0	0	
0	0	0	1.04687e-007	2.18808e-006	1.5837e-005	4.88106e-005	7.41823e-005	8.8526e-005	7.41823e-005	4.88106e-005	1.5837e-005	2.18808e-006	1.04687e-007	0	0	0	
0	0	0	0	1.30859e-007	2.18808e-006	1.19301e-005	2.5937e-005	2.9262e-005	2.5937e-005	1.19301e-005	2.18808e-006	1.30859e-007	0	0	0	0	
0	0	0	0	0	1.04687e-007	1.31321e-006	4.8569e-006	6.41334e-006	4.8569e-006	1.31321e-006	1.04687e-007	0	0	0	0	0	
0	0	0	0	0	0	4.42897e-008	3.90791e-007	8.09475e-007	3.90791e-007	4.42897e-008	0	0	0	0	0	0	
0	0	0	0	0	0	0	2.62786e-009	1.39336e-008	2.62786e-009	0	0	0	0	0	0	0	
0	0	0	0	0	0	0	0	0	0	0	0	0	0	0	0	0	

0	0	0	0	0	0	0	0	0	0	0	0	0	0	0	0	0	
0	0	0	0	0	0	2.59197e-009	2.68529e-008	6.75372e-008	2.68529e-008	2.59197e-009	0	0	0	0	0	0	
0	0	0	0	0	3.23216e-008	4.25304e-007	1.68347e-006	2.37358e-006	1.68347e-006	4.25304e-007	3.23216e-008	0	0	0	0	0	
0	0	0	0	5.88328e-008	9.79488e-007	5.38962e-006	1.20532e-005	1.3802e-005	1.20532e-005	5.38962e-006	9.79488e-007	5.88328e-008	0	0	0	0	
0	0	0	5.88328e-008	1.22402e-006	8.92242e-006	2.81809e-005	4.39015e-005	5.03749e-005	4.39015e-005	2.81809e-005	8.92242e-006	1.22402e-006	5.88328e-008	0	0	0	
0	0	3.23216e-008	9.79488e-007	8.92242e-006	3.69215e-005	7.5346e-005	0.000100831	0.00012588	0.000100831	7.5346e-005	3.69215e-005	8.92242e-006	9.79488e-007	3.23216e-008	0	0	
0	2.59197e-009	4.25304e-007	5.38962e-006	2.81809e-005	7.5346e-005	0.000124044	0.000195502	0.000257681	0.000195502	0.000124044	7.5346e-005	2.81809e-005	5.38962e-006	4.25304e-007	2.59197e-009	0	
0	2.68529e-008	1.68347e-006	1.20532e-005	4.39015e-005	0.000100831	0.000195502	0.000368103	0.000580426	0.000368103	0.000195502	0.000100831	4.39015e-005	1.20532e-005	1.68347e-006	2.68529e-008	0	
0	6.75372e-008	2.37358e-006	1.3802e-005	5.03749e-005	0.00012588	0.000257681	0.000580426	0.00149969	0.000580426	0.000257681	0.00012588	5.03749e-005	1.3802e-005	2.37358e-006	6.75372e-008	0	
0	2.68529e-008	1.68347e-006	1.20532e-005	4.39015e-005	0.000100831	0.000195502	0.000368103	0.000580426	0.000368103	0.000195502	0.000100831	4.39015e-005	1.20532e-005	1.68347e-006	2.68529e-008	0	
0	2.59197e-009	4.25304e-007	5.38962e-006	2.81809e-005	7.5346e-005	0.000124044	0.000195502	0.000257681	0.000195502	0.000124044	7.5346e-005	2.81809e-005	5.38962e-006	4.25304e-007	2.59197e-009	0	
0	0	3.23216e-008	9.79488e-007	8.92242e-006	3.69215e-005	7.5346e-005	0.000100831	0.00012588	0.000100831	7.5346e-005	3.69215e-005	8.92242e-006	9.79488e-007	3.23216e-008	0	0	
0	0	0	5.88328e-008	1.22402e-006	8.92242e-006	2.81809e-005	4.39015e-005	5.03749e-005	4.39015e-005	2.81809e-005	8.92242e-006	1.22402e-006	5.88328e-008	0	0	0	
0	0	0	0	5.88328e-008	9.79488e-007	5.38962e-006	1.20532e-005	1.3802e-005	1.20532e-005	5.38962e-006	9.79488e-007	5.88328e-008	0	0	0	0	
0	0	0	0	0	3.23216e-008	4.25304e-007	1.68347e-006	2.37358e-006	1.68347e-006	4.25304e-007	3.23216e-008	0	0	0	0	0	
0	0	0	0	0	0	2.59197e-009	2.68529e-008	6.75372e-008	2.68529e-008	2.59197e-009	0	0	0	0	0	0	
0	0	0	0	0	0	0	0	0	0	0	0	0	0	0	0	0	

0	0	0	0	0	0	0	0	0	0	0	0	0	0	0	0	0	
0	0	0	0	0	1.91286e-009	2.91552e-008	1.39241e-007	2.35369e-007	1.39241e-007	2.91552e-008	1.91286e-009	0	0	0	0	0	
0	0	0	0	1.96672e-008	3.43382e-007	2.0186e-006	4.91143e-006	5.85802e-006	4.91143e-006	2.0186e-006	3.43382e-007	1.96672e-008	0	0	0	0	
0	0	0	2.93896e-008	6.09364e-007	4.47489e-006	1.44907e-005	2.34068e-005	2.66205e-005	2.34068e-005	1.44907e-005	4.47489e-006	6.09364e-007	2.93896e-008	0	0	0	
0	0	1.96672e-008	6.09364e-007	5.58082e-006	2.35536e-005	4.96359e-005	6.58208e-005	7.79781e-005	6.58208e-005	4.96359e-005	2.35536e-005	5.58082e-006	6.09364e-007	1.96672e-008	0	0	
0	1.91286e-009	3.43382e-007	4.47489e-006	2.35536e-005	6.32139e-005	9.90324e-005	0.000136797	0.000164781	0.000136797	9.90324e-005	6.32139e-005	2.35536e-005	4.47489e-006	3.43382e-007	1.91286e-009	0	
0	2.91552e-008	2.0186e-006	1.44907e-005	4.96359e-005	9.90324e-005	0.00016001	0.000263068	0.000331344	0.000263068	0.00016001	9.90324e-005	4.96359e-005	1.44907e-005	2.0186e-006	2.91552e-008	0	
0	1.39241e-007	4.91143e-006	2.34068e-005	6.58208e-005	0.000136797	0.000263068	0.000479465	0.000758589	0.000479465	0.000263068	0.000136797	6.58208e-005	2.34068e-005	4.91143e-006	1.39241e-007	0	
0	2.35369e-007	5.85802e-006	2.66205e-005	7.79781e-005	0.000164781	0.000331344	0.000758589	0.00193046	0.000758589	0.000331344	0.000164781	7.79781e-005	2.66205e-005	5.85802e-006	2.35369e-007	0	
0	1.39241e-007	4.91143e-006	2.34068e-005	6.58208e-005	0.000136797	0.000263068	0.000479465	0.000758589	0.000479465	0.000263068	0.000136797	6.58208e-005	2.34068e-005	4.91143e-006	1.39241e-007	0	
0	2.91552e-008	2.0186e-006	1.44907e-005	4.96359e-005	9.90324e-005	0.00016001	0.000263068	0.000331344	0.000263068	0.00016001	9.90324e-005	4.96359e-005	1.44907e-005	2.0186e-006	2.91552e-008	0	
0	1.91286e-009	3.43382e-007	4.47489e-006	2.35536e-005	6.32139e-005	9.90324e-005	0.000136797	0.000164781	0.000136797	9.90324e-005	6.32139e-005	2.35536e-005	4.47489e-006	3.43382e-007	1.91286e-009	0	
0	0	1.96672e-008	6.09364e-007	5.58082e-006	2.35536e-005	4.96359e-005	6.58208e-005	7.79781e-005	6.58208e-005	4.96359e-005	2.35536e-005	5.58082e-006	6.09364e-007	1.96672e-008	0	0	
0	0	0	2.93896e-008	6.09364e-007	4.47489e-006	1.44907e-005	2.34068e-005	2.66205e-005	2.34068e-005	1.44907e-005	4.47489e-006	6.09364e-007	2.93896e-008	0	0	0	
0	0	0	0	1.96672e-008	3.43382e-007	2.0186e-006	4.91143e-006	5.85802e-006	4.91143e-006	2.0186e-006	3.43382e-007	1.96672e-008	0	0	0	0	
0	0	0	0	0	1.91286e-009	2.91552e-008	1.39241e-007	2.35369e-007	1.39241e-007	2.91552e-008	1.91286e-009	0	0	0	0	0	
0	0	0	0	0	0	0	0	0	0	0	0	0	0	0	0	0	

0	0	0	0	0	0	0	0	0	0	0	0	0	0	0	0	0	
0	0	0	0	1.17455e-009	2.34817e-008	1.64214e-007	4.92409e-007	6.71741e-007	4.92409e-007	1.64214e-007	2.34817e-008	1.17455e-009	0	0	0	0	
0	0	0	1.05367e-008	2.29008e-007	1.79213e-006	6.31874e-006	1.11379e-005	1.27526e-005	1.11379e-005	6.31874e-006	1.79213e-006	2.29008e-007	1.05367e-008	0	0	0	
0	0	1.05367e-008	3.33922e-007	3.07601e-006	1.32474e-005	2.90041e-005	3.93483e-005	4.55189e-005	3.93483e-005	2.90041e-005	1.32474e-005	3.07601e-006	3.33922e-007	1.05367e-008	0	0	
0	1.17455e-009	2.29008e-007	3.07601e-006	1.64324e-005	4.5351e-005	7.21784e-005	9.38682e-005	0.000108362	9.38682e-005	7.21784e-005	4.5351e-005	1.64324e-005	3.07601e-006	2.29008e-007	1.17455e-009	0	
0	2.34817e-008	1.79213e-006	1.32474e-005	4.5351e-005	8.75872e-005	0.000126098	0.000184132	0.000209626	0.000184132	0.000126098	8.75872e-005	4.5351e-005	1.32474e-005	1.79213e-006	2.34817e-008	0	
0	1.64214e-007	6.31874e-006	2.90041e-005	7.21784e-005	0.000126098	0.000216996	0.000344457	0.000436012	0.000344457	0.000216996	0.000126098	7.21784e-005	2.90041e-005	6.31874e-006	1.64214e-007	0	
0	4.92409e-007	1.11379e-005	3.93483e-005	9.38682e-005	0.000184132	0.000344457	0.000622162	0.000983304	0.000622162	0.000344457	0.000184132	9.38682e-005	3.93483e-005	1.11379e-005	4.92409e-007	0	
0	6.71741e-007	1.27526e-005	4.55189e-005	0.000108362	0.000209626	0.000436012	0.000983304	0.00247257	0.000983304	0.000436012	0.000209626	0.000108362	4.55189e-005	1.27526e-005	6.71741e-007	0	
0	4.92409e-007	1.11379e-005	3.93483e-005	9.38682e-005	0.000184132	0.000344457	0.000622162	0.000983304	0.000622162	0.000344457	0.000184132	9.38682e-005	3.93483e-005	1.11379e-005	4.92409e-007	0	
0	1.64214e-007	6.31874e-006	2.90041e-005	7.21784e-005	0.000126098	0.000216996	0.000344457	0.000436012	0.000344457	0.000216996	0.000126098	7.21784e-005	2.90041e-005	6.31874e-006	1.64214e-007	0	
0	2.34817e-008	1.79213e-006	1.32474e-005	4.5351e-005	8.75872e-005	0.000126098	0.000184132	0.000209626	0.000184132	0.000126098	8.75872e-005	4.5351e-005	1.32474e-005	1.79213e-006	2.34817e-008	0	
0	1.17455e-009	2.29008e-007	3.07601e-006	1.64324e-005	4.5351e-005	7.21784e-005	9.38682e-005	0.000108362	9.38682e-005	7.21784e-005	4.5351e-005	1.64324e-005	3.07601e-006	2.29008e-007	1.17455e-009	0	
0	0	1.05367e-008	3.33922e-007	3.07601e-006	1.32474e-005	2.90041e-005	3.93483e-005	4.55189e-005	3.93483e-005	2.90041e-005	1.32474e-005	3.07601e-006	3.33922e-007	1.05367e-008	0	0	
0	0	0	1.05367e-008	2.29008e-007	1.79213e-006	6.31874e-006	1.11379e-005	1.27526e-005	1.11379e-005	6.31874e-006	1.79213e-006	2.29008e-007	1.05367e-008	0	0	0	
0	0	0	0	1.17455e-009	2.34817e-008	1.64214e-007	4.92409e-007	6.71741e-007	4.92409e-007	1.64214e-007	2.34817e-008	1.17455e-009	0	0	0	0	
0	0	0	0	0	0	0	0	0	0	0	0	0	0	0	0	0	

0	0	0	0	0	0	0	0	0	0	0	0	0	0	0	0	0	
0	0	0	6.33992e-010	1.56228e-008	1.43432e-007	6.18774e-007	1.35113e-006	1.66547e-006	1.35113e-006	6.18774e-007	1.43432e-007	1.56228e-008	6.33992e-010	0	0	0	
0	0	3.09552e-009	1.33567e-007	1.30683e-006	6.10558e-006	1.4774e-005	2.1425e-005	2.45292e-005	2.1425e-005	1.4774e-005	6.10558e-006	1.30683e-006	1.33567e-007	3.09552e-009	0	0	
0	6.33992e-010	1.33567e-007	1.84784e-006	1.00284e-005	2.8594e-005	4.73294e-005	6.08805e-005	6.89191e-005	6.08805e-005	4.73294e-005	2.8594e-005	1.00284e-005	1.84784e-006	1.33567e-007	6.33992e-010	0	
0	1.56228e-008	1.30683e-006	1.00284e-005	3.5058e-005	6.91569e-005	9.61214e-005	0.000129046	0.000141101	0.000129046	9.61214e-005	6.91569e-005	3.5058e-005	1.00284e-005	1.30683e-006	1.56228e-008	0	
0	1.43432e-007	6.10558e-006	2.8594e-005	6.91569e-005	0.000110099	0.000167276	0.000240838	0.000272986	0.000240838	0.000167276	0.000110099	6.91569e-005	2.8594e-005	6.10558e-006	1.43432e-007	0	
0	6.18774e-007	1.4774e-005	4.73294e-005	9.61214e-005	0.000167276	0.000292247	0.000446197	0.000575097	0.000446197	0.000292247	0.000167276	9.61214e-005	4.73294e-005	1.4774e-005	6.18774e-007	0	
0	1.35113e-006	2.1425e-005	6.08805e-005	0.000129046	0.000240838	0.000446197	0.000806539	0.00126289	0.000806539	0.000446197	0.000240838	0.000129046	6.08805e-005	2.1425e-005	1.35113e-006	0	
0	1.66547e-006	2.45292e-005	6.89191e-005	0.000141101	0.000272986	0.000575097	0.00126289	0.00315111	0.00126289	0.000575097	0.000272986	0.000141101	6.89191e-005	2.45292e-005	1.66547e-006	0	
0	1.35113e-006	2.1425e-005	6.08805e-005	0.000129046	0.000240838	0.000446197	0.000806539	0.00126289	0.000806539	0.000446197	0.000240838	0.000129046	6.08805e-005	2.1425e-005	1.35113e-006	0	
0	6.18774e-007	1.4774e-005	4.73294e-005	9.61214e-005	0.000167276	0.000292247	0.000446197	0.000575097	0.000446197	0.000292247	0.000167276	9.61214e-005	4.73294e-005	1.4774e-005	6.18774e-007	0	
0	1.43432e-007	6.10558e-006	2.8594e-005	6.91569e-005	0.000110099	0.000167276	0.000240838	0.000272986	0.000240838	0.000167276	0.000110099	6.91569e-005	2.8594e-005	6.10558e-006	1.43432e-007	0	
0	1.56228e-008	1.30683e-006	1.00284e-005	3.5058e-005	6.91569e-005	9.61214e-005	0.000129046	0.000141101	0.000129046	9.61214e-005	6.91569e-005	3.5058e-005	1.00284e-005	1.30683e-006	1.56228e-008	0	
0	6.33992e-010	1.33567e-007	1.84784e-006	1.00284e-005	2.8594e-005	4.73294e-005	6.08805e-005	6.89191e-005	6.08805e-005	4.73294e-005	2.8594e-005	1.00284e-005	1.84784e-006	1.33567e-007	6.33992e-010	0	
0	0	3.09552e-009	1.33567e-007	1.30683e-006	6.10558e-006	1.4774e-005	2.1425e-005	2.45292e-005	2.1425e-005	1.4774e-005	6.10558e-006	1.30683e-006	1.33567e-007	3.09552e-009	0	0	
0	0	0	6.33992e-010	1.56228e-008	1.43432e-007	6.18774e-007	1.35113e-006	1.66547e-006	1.35113e-006	6.18774e-007	1.43432e-007	1.56228e-008	6.33992e-010	0	0	0	
0	0	0	0	0	0	0	0	0	0	0	0	0	0	0	0	0	

0	0	0	0	0	0	0	0	0	0	0	0	0	0	0	0	0	
0	0	1.05347e-010	9.09105e-009	1.03055e-007	5.80919e-007	1.7637e-006	3.10448e-006	3.6675e-006	3.10448e-006	1.7637e-006	5.80919e-007	1.03055e-007	9.09105e-009	1.05347e-010	0	0	
0	1.05347e-010	4.37124e-008	8.28675e-007	4.84926e-006	1.52677e-005	2.79424e-005	3.68958e-005	4.16631e-005	3.68958e-005	2.79424e-005	1.52677e-005	4.84926e-006	8.28675e-007	4.37124e-008	1.05347e-010	0	
0	9.09105e-009	8.28675e-007	6.59812e-006	2.36643e-005	4.85426e-005	6.84872e-005	8.82987e-005	9.53499e-005	8.82987e-005	6.84872e-005	4.85426e-005	2.36643e-005	6.59812e-006	8.28675e-007	9.09105e-009	0	
0	1.03055e-007	4.84926e-006	2.36643e-005	5.82141e-005	9.12756e-005	0.000127139	0.000169908	0.000182731	0.000169908	0.000127139	9.12756e-005	5.82141e-005	2.36643e-005	4.84926e-006	1.03055e-007	0	
0	5.80919e-007	1.52677e-005	4.85426e-005	9.12756e-005	0.000140721	0.000225989	0.000310571	0.000362805	0.000310571	0.000225989	0.000140721	9.12756e-005	4.85426e-005	1.52677e-005	5.80919e-007	0	
0	1.7637e-006	2.79424e-005	6.84872e-005	0.000127139	0.000225989	0.000381974	0.00058039	0.000746124	0.00058039	0.000381974	0.000225989	0.000127139	6.84872e-005	2.79424e-005	1.7637e-006	0	
0	3.10448e-006	3.68958e-005	8.82987e-005	0.000169908	0.000310571	0.00058039	0.00103888	0.00161434	0.00103888	0.00058039	0.000310571	0.000169908	8.82987e-005	3.68958e-005	3.10448e-006	0	
0	3.6675e-006	4.16631e-005	9.53499e-005	0.000182731	0.000362805	0.000746124	0.00161434	0.00399585	0.00161434	0.000746124	0.000362805	0.000182731	9.53499e-005	4.16631e-005	3.6675e-006	0	
0	3.10448e-006	3.68958e-005	8.82987e-005	0.000169908	0.000310571	0.00058039	0.00103888	0.00161434	0.00103888	0.00058039	0.000310571	0.000169908	8.82987e-005	3.68958e-005	3.10448e-006	0	
0	1.7637e-006	2.79424e-005	6.84872e-005	0.000127139	0.000225989	0.000381974	0.00058039	0.000746124	0.00058039	0.000381974	0.000225989	0.000127139	6.84872e-005	2.79424e-005	1.7637e-006	0	
0	5.80919e-007	1.52677e-005	4.85426e-005	9.12756e-005	0.000140721	0.000225989	0.000310571	0.000362805	0.000310571	0.000225989	0.000140721	9.12756e-005	4.85426e-005	1.52677e-005	5.80919e-007	0	
0	1.03055e-007	4.84926e-006	2.36643e-005	5.82141e-005	9.12756e-005	0.000127139	0.000169908	0.000182731	0.000169908	0.000127139	9.12756e-005	5.82141e-005	2.36643e-005	4.84926e-006	1.03055e-007	0	
0	9.09105e-009	8.28675e-007	6.59812e-006	2.36643e-005	4.85426e-005	6.84872e-005	8.82987e-005	9.53499e-005	8.82987e-005	6.84872e-005	4.85426e-005	2.36643e-005	6.59812e-006	8.28675e-007	9.09105e-009	0	
0	1.05347e-010	4.37124e-008	8.28675e-007	4.84926e-006	1.52677e-005	2.79424e-005	3.68958e-005	4.16631e-005	3.68958e-005	2.79424e-005	1.52677e-005	4.84926e-006	8.28675e-007	4.37124e-008	1.05347e-010	0	
0	0	1.05347e-010	9.09105e-009	1.03055e-007	5.80919e-007	1.7637e-006	3.10448e-006	3.6675e-006	3.10448e-006	1.7637e-006	5.80919e-007	1.03055e-007	9.09105e-009	1.05347e-010	0	0	
0	0	0	0	0	0	0	0	0	0	0	0	0	0	0	0	0	

0	0	0	0	0	0	0	0	0	0	0	0	0	0	0	0	0	
0	1.16023e-012	1.66114e-009	6.44996e-008	4.48723e-007	1.75747e-006	4.09034e-006	6.27085e-006	7.24022e-006	6.27085e-006	4.09034e-006	1.75747e-006	4.48723e-007	6.44996e-008	1.66114e-009	1.16023e-012	0	
0	1.66114e-009	3.03888e-007	3.33672e-006	1.31151e-005	3.00445e-005	4.55921e-005	5.82299e-005	6.35327e-005	5.82299e-005	4.55921e-005	3.00445e-005	1.31151e-005	3.33672e-006	3.03888e-007	1.66114e-009	0	
0	6.44996e-008	3.33672e-006	1.70131e-005	4.32187e-005	6.96935e-005	9.42322e-005	0.000120202	0.000126812	0.000120202	9.42322e-005	6.96935e-005	4.32187e-005	1.70131e-005	3.33672e-006	6.44996e-008	0	
0	4.48723e-007	1.31151e-005	4.32187e-005	8.06268e-005	0.000115771	0.000169921	0.00021804	0.000241107	0.00021804	0.000169921	0.000115771	8.06268e-005	4.32187e-005	1.31151e-005	4.48723e-007	0	
0	1.75747e-006	3.00445e-005	6.96935e-005	0.000115771	0.000189238	0.000298801	0.000404484	0.000477296	0.000404484	0.000298801	0.000189238	0.000115771	6.96935e-005	3.00445e-005	1.75747e-006	0	
0	4.09034e-006	4.55921e-005	9.42322e-005	0.000169921	0.000298801	0.000492897	0.000753544	0.000955474	0.000753544	0.000492897	0.000298801	0.000169921	9.42322e-005	4.55921e-005	4.09034e-006	0	
0	6.27085e-006	5.82299e-005	0.000120202	0.00021804	0.000404484	0.000753544	0.00132965	0.0020563	0.00132965	0.000753544	0.000404484	0.00021804	0.000120202	5.82299e-005	6.27085e-006	0	
0	7.24022e-006	6.35327e-005	0.000126812	0.000241107	0.000477296	0.000955474	0.0020563	0.00504177	0.0020563	0.000955474	0.000477296	0.000241107	0.000126812	6.35327e-005	7.24022e-006	0	
0	6.27085e-006	5.82299e-005	0.000120202	0.00021804	0.000404484	0.000753544	0.00132965	0.0020563	0.00132965	0.000753544	0.000404484	0.00021804	0.000120202	5.82299e-005	6.27085e-006	0	
0	4.09034e-006	4.55921e-005	9.42322e-005	0.000169921	0.000298801	0.000492897	0.000753544	0.000955474	0.000753544	0.000492897	0.000298801	0.000169921	9.42322e-005	4.55921e-005	4.09034e-006	0	
0	1.75747e-006	3.00445e-005	6.96935e-005	0.000115771	0.000189238	0.000298801	0.000404484	0.000477296	0.000404484	0.000298801	0.000189238	0.000115771	6.96935e-005	3.00445e-005	1.75747e-006	0	
0	4.48723e-007	1.31151e-005	4.32187e-005	8.06268e-005	0.000115771	0.000169921	0.00021804	0.000241107	0.00021804	0.000169921	0.000115771	8.06268e-005	4.32187e-005	1.31151e-005	4.48723e-007	0	
0	6.44996e-008	3.33672e-006	1.70131e-005	4.32187e-005	6.96935e-005	9.42322e-005	0.000120202	0.000126812	0.000120202	9.42322e-005	6.96935e-005	4.32187e-005	1.70131e-005	3.33672e-006	6.44996e-008	0	
0	1.66114e-009	3.03888e-007	3.33672e-006	1.31151e-005	3.00445e-005	4.55921e-005	5.82299e-005	6.35327e-005	5.82299e-005	4.55921e-005	3.00445e-005	1.31151e-005	3.33672e-006	3.03888e-007	1.66114e-009	0	
0	1.16023e-012	1.66114e-009	6.44996e-008	4.48723e-007	1.75747e-006	4.09034e-006	6.27085e-006	7.24022e-006	6.27085e-006	4.09034e-006	1.75747e-006	4.48723e-007	6.44996e-008	1.66114e-009	1.16023e-012	0	
0	0	0	0	0	0	0	0	0	0	0	0	0	0	0	0	0	

0	0	0	0	0	0	0	0	0	0	0	0	0	0	0	0	0	
0	2.01186e-011	1.30045e-008	3.01149e-007	1.45011e-006	4.25419e-006	8.12857e-006	1.14652e-005	1.29484e-005	1.14652e-005	8.12857e-006	4.25419e-006	1.45011e-006	3.01149e-007	1.30045e-008	2.01186e-011	0	
0	1.30045e-008	1.381e-006	9.75887e-006	2.7555e-005	4.91941e-005	6.76908e-005	8.47822e-005	8.97694e-005	8.47822e-005	6.76908e-005	4.91941e-005	2.7555e-005	9.75887e-006	1.381e-006	1.30045e-008	0	
0	3.01149e-007	9.75887e-006	3.374e-005	6.47284e-005	9.2062e-005	0.000127218	0.000156393	0.000167888	0.000156393	0.000127218	9.2062e-005	6.47284e-005	3.374e-005	9.75887e-006	3.01149e-007	0	
0	1.45011e-006	2.7555e-005	6.47284e-005	0.000101908	0.000151854	0.000224483	0.000282046	0.000318406	0.000282046	0.000224483	0.000151854	0.000101908	6.47284e-005	2.7555e-005	1.45011e-006	0	
0	4.25419e-006	4.91941e-005	9.2062e-005	0.000151854	0.000255786	0.000386933	0.000530804	0.000615855	0.000530804	0.000386933	0.000255786	0.000151854	9.2062e-005	4.91941e-005	4.25419e-006	0	
0	8.12857e-006	6.76908e-005	0.000127218	0.000224483	0.000386933	0.000637065	0.000968742	0.00121947	0.000968742	0.000637065	0.000386933	0.000224483	0.000127218	6.76908e-005	8.12857e-006	0	
0	1.14652e-005	8.47822e-005	0.000156393	0.000282046	0.000530804	0.000968742	0.00169563	0.002606	0.00169563	0.000968742	0.000530804	0.000282046	0.000156393	8.47822e-005	1.14652e-005	0	
0	1.29484e-005	8.97694e-005	0.000167888	0.000318406	0.000615855	0.00121947	0.002606	0.00632972	0.002606	0.00121947	0.000615855	0.000318406	0.000167888	8.97694e-005	1.29484e-005	0	
0	1.14652e-005	8.47822e-005	0.000156393	0.000282046	0.000530804	0.000968742	0.00169563	0.002606	0.00169563	0.000968742	0.000530804	0.000282046	0.000156393	8.47822e-005	1.14652e-005	0	
0	8.12857e-006	6.76908e-005	0.000127218	0.000224483	0.000386933	0.000637065	0.000968742	0.00121947	0.000968742	0.000637065	0.000386933	0.000224483	0.000127218	6.76908e-005	8.12857e-006	0	
0	4.25419e-006	4.91941e-005	9.2062e-005	0.000151854	0.000255786	0.000386933	0.000530804	0.000615855	0.000530804	0.000386933	0.000255786	0.000151854	9.2062e-005	4.91941e-005	4.25419e-006	0	
0	1.45011e-006	2.7555e-005	6.47284e-005	0.000101908	0.000151854	0.000224483	0.000282046	0.000318406	0.000282046	0.000224483	0.000151854	0.000101908	6.47284e-005	2.7555e-005	1.45011e-006	0	
0	3.01149e-007	9.75887e-006	3.374e-005	6.47284e-005	9.2062e-005	0.000127218	0.000156393	0.000167888	0.000156393	0.000127218	9.2062e-005	6.47284e-005	3.374e-005	9.75887e-006	3.01149e-007	0	
0	1.30045e-008	1.381e-006	9.75887e-006	2.7555e-005	4.91941e-005	6.76908e-005	8.47822e-005	8.97694e-005	8.47822e-005	6.76908e-005	4.91941e-005	2.7555e-005	9.75887e-006	1.381e-006	1.30045e-008	0	
0	2.01186e-011	1.30045e-008	3.01149e-007	1.45011e-006	4.25419e-006	8.12857e-006	1.14652e-005	1.29484e-005	1.14652e-005	8.12857e-006	4.25419e-006	1.45011e-006	3.01149e-007	1.30045e-008	2.01186e-011	0	
0	0	0	0	0	0	0	0	0	0	0	0	0	0	0	0	0	

0	0	0	0	0	0	0	0	0	0	0	0	0	0	0	0	0	
0	1.74119e-010	6.72592e-008	1.03917e-006	3.71513e-006	8.65005e-006	1.43976e-005	1.92863e-005	2.12955e-005	1.92863e-005	1.43976e-005	8.65005e-006	3.71513e-006	1.03917e-006	6.72592e-008	1.74119e-010	0	
0	6.72592e-008	4.59635e-006	2.20277e-005	4.71166e-005	7.09033e-005	9.47296e-005	0.000115126	0.000121393	0.000115126	9.47296e-005	7.09033e-005	4.71166e-005	2.20277e-005	4.59635e-006	6.72592e-008	0	
0	1.03917e-006	2.20277e-005	5.40663e-005	8.54141e-005	0.000120728	0.0001683	0.000201872	0.000221529	0.000201872	0.0001683	0.000120728	8.54141e-005	5.40663e-005	2.20277e-005	1.03917e-006	0	
0	3.71513e-006	4.71166e-005	8.54141e-005	0.000129567	0.000204628	0.000291563	0.000371504	0.000414241	0.000371504	0.000291563	0.000204628	0.000129567	8.54141e-005	4.71166e-005	3.71513e-006	0	
0	8.65005e-006	7.09033e-005	0.000120728	0.000204628	0.00033593	0.000500144	0.000689685	0.0007884	0.000689685	0.000500144	0.00033593	0.000204628	0.000120728	7.09033e-005	8.65005e-006	0	
0	1.43976e-005	9.47296e-005	0.0001683	0.000291563	0.000500144	0.000821969	0.00123589	0.00155377	0.00123589	0.000821969	0.000500144	0.000291563	0.0001683	9.47296e-005	1.43976e-005	0	
0	1.92863e-005	0.000115126	0.000201872	0.000371504	0.000689685	0.00123589	0.00215326	0.00328469	0.00215326	0.00123589	0.000689685	0.000371504	0.000201872	0.000115126	1.92863e-005	0	
0	2.12955e-005	0.000121393	0.000221529	0.000414241	0.0007884	0.00155377	0.00328469	0.00790706	0.00328469	0.00155377	0.0007884	0.000414241	0.000221529	0.000121393	2.12955e-005	0	
0	1.92863e-005	0.000115126	0.000201872	0.000371504	0.000689685	0.00123589	0.00215326	0.00328469	0.00215326	0.00123589	0.000689685	0.000371504	0.000201872	0.000115126	1.92863e-005	0	
0	1.43976e-005	9.47296e-005	0.0001683	0.000291563	0.000500144	0.000821969	0.00123589	0.00155377	0.00123589	0.000821969	0.000500144	0.000291563	0.0001683	9.47296e-005	1.43976e-005	0	
0	8.65005e-006	7.09033e-005	0.000120728	0.000204628	0.00033593	0.000500144	0.000689685	0.0007884	0.000689685	0.000500144	0.00033593	0.000204628	0.000120728	7.09033e-005	8.65005e-006	0	
0	3.71513e-006	4.71166e-005	8.54141e-005	0.000129567	0.000204628	0.000291563	0.000371504	0.000414241	0.000371504	0.000291563	0.000204628	0.000129567	8.54141e-005	4.71166e-005	3.71513e-006	0	
0	1.03917e-006	2.20277e-005	5.40663e-005	8.54141e-005	0.000120728	0.0001683	0.000201872	0.000221529	0.000201872	0.0001683	0.000120728	8.54141e-005	5.40663e-005	2.20277e-005	1.03917e-006	0	
0	6.72592e-008	4.59635e-006	2.20277e-005	4.71166e-005	7.09033e-005	9.47296e-005	0.000115126	0.000121393	0.000115126	9.47296e-005	7.09033e-005	4.71166e-005	2.20277e-005	4.59635e-006	6.72592e-008	0	
0	1.74119e-010	6.72592e-008	1.03917e-006	3.71513e-006	8.65005e-006	1.43976e-005	1.92863e-005	2.12955e-005	1.92863e-005	1.43976e-005	8.65005e-006	3.71513e-006	1.03917e-006	6.72592e-008	1.74119e-010	0	
0	0	0	0	0	0	0	0	0	0	0	0	0	0	0	0	0	

0	0	0	0	0	0	0	0	0	0	0	0	0	0	0	0	0	
0	1.00179e-009	2.58132e-007	2.82559e-006	7.89437e-006	1.53718e-005	2.33984e-005	3.01857e-005	3.27609e-005	3.01857e-005	2.33984e-005	1.53718e-005	7.89437e-006	2.82559e-006	2.58132e-007	1.00179e-009	0	
0	2.58132e-007	1.19067e-005	3.99735e-005	6.86811e-005	9.53177e-005	0.000126958	0.000149708	0.00016015	0.000149708	0.000126958	9.53177e-005	6.86811e-005	3.99735e-005	1.19067e-005	2.58132e-007	0	
0	2.82559e-006	3.99735e-005	7.41924e-005	0.000108656	0.000161111	0.000218508	0.000264836	0.000288764	0.000264836	0.000218508	0.000161111	0.000108656	7.41924e-005	3.99735e-005	2.82559e-006	0	
0	7.89437e-006	6.86811e-005	0.000108656	0.000172666	0.000272208	0.000378207	0.000488773	0.000534047	0.000488773	0.000378207	0.000272208	0.000172666	0.000108656	6.86811e-005	7.89437e-006	0	
0	1.53718e-005	9.53177e-005	0.000161111	0.000272208	0.000432515	0.000647966	0.000882835	0.00100934	0.000882835	0.000647966	0.000432515	0.000272208	0.000161111	9.53177e-005	1.53718e-005	0	
0	2.33984e-005	0.000126958	0.000218508	0.000378207	0.000647966	0.00105288	0.00157176	0.00197044	0.00157176	0.00105288	0.000647966	0.000378207	0.000218508	0.000126958	2.33984e-005	0	
0	3.01857e-005	0.000149707	0.000264836	0.000488773	0.000882835	0.00157176	0.00271783	0.00412039	0.00271783	0.00157176	0.000882835	0.000488773	0.000264836	0.000149707	3.01857e-005	0	
0	3.27609e-005	0.00016015	0.000288764	0.000534047	0.00100934	0.00197044	0.00412039	0.0098282	0.00412039	0.00197044	0.00100934	0.000534047	0.000288764	0.00016015	3.27609e-005	0	
0	3.01857e-005	0.000149707	0.000264836	0.000488773	0.000882835	0.00157176	0.00271783	0.00412039	0.00271783	0.00157176	0.000882835	0.000488773	0.000264836	0.000149707	3.01857e-005	0	
0	2.33984e-005	0.000126958	0.000218508	0.000378207	0.000647966	0.00105288	0.00157176	0.00197044	0.00157176	0.00105288	0.000647966	0.000378207	0.000218508	0.000126958	2.33984e-005	0	
0	1.53718e-005	9.53177e-005	0.000161111	0.000272208	0.000432515	0.000647966	0.000882835	0.00100934	0.000882835	0.000647966	0.000432515	0.000272208	0.000161111	9.53177e-005	1.53718e-005	0	
0	7.89437e-006	6.86811e-005	0.000108656	0.000172666	0.000272208	0.000378207	0.000488773	0.000534047	0.000488773	0.000378207	0.000272208	0.000172666	0.000108656	6.86811e-005	7.89437e-006	0	
0	2.82559e-006	3.99735e-005	7.41924e-005	0.000108656	0.000161111	0.000218508	0.000264836	0.000288764	0.000264836	0.000218508	0.000161111	0.000108656	7.41924e-005	3.99735e-005	2.82559e-006	0	
0	2.58132e-007	1.19067e-005	3.99735e-005	6.86811e-005	9.53177e-005	0.000126958	0.000149708	0.00016015	0.000149708	0.000126958	9.53177e-005	6.86811e-005	3.99735e-005	1.19067e-005	2.58132e-007	0	
0	1.00179e-009	2.58132e-007	2.82559e-006	7.89437e-006	1.53718e-005	2.33984e-005	3.01857e-005	3.27609e-005	3.01857e-005	2.33984e-005	1.53718e-005	7.89437e-006	2.82559e-006	2.58132e-007	1.00179e-009	0	
0	0	0	0	0	0	0	0	0	0	0	0	0	0	0	0	0	

0	0	0	0	0	0	0	0	0	0	0	0	0	0	0	0	0	
0	4.30802e-009	7.83435e-007	6.31763e-006	1.44313e-005	2.47125e-005	3.55883e-005	4.44937e-005	4.7865e-005	4.44937e-005	3.55883e-005	2.47125e-005	1.44313e-005	6.31763e-006	7.83435e-007	4.30802e-009	0	
0	7.83435e-007	2.49461e-005	6.05599e-005	9.04008e-005	0.000125046	0.000164652	0.00019274	0.000207657	0.00019274	0.000164652	0.000125046	9.04008e-005	6.05599e-005	2.49461e-005	7.83435e-007	0	
0	6.31763e-006	6.05599e-005	9.46176e-005	0.000142516	0.000214235	0.000283243	0.000349723	0.000373565	0.000349723	0.000283243	0.000214235	0.000142516	9.46176e-005	6.05599e-005	6.31763e-006	0	
0	1.44313e-005	9.04008e-005	0.000142516	0.000233514	0.000353691	0.000493481	0.000632226	0.000688689	0.000632226	0.000493481	0.000353691	0.000233514	0.000142516	9.04008e-005	1.44313e-005	0	
0	2.47125e-005	0.000125046	0.000214235	0.000353691	0.000556646	0.000834396	0.00112257	0.00128843	0.00112257	0.000834396	0.000556646	0.000353691	0.000214235	0.000125046	2.47125e-005	0	
0	3.55883e-005	0.000164652	0.000283243	0.000493481	0.000834396	0.00134072	0.00199179	0.0024849	0.00199179	0.00134072	0.000834396	0.000493481	0.000283243	0.000164652	3.55883e-005	0	
0	4.44937e-005	0.00019274	0.000349723	0.000632226	0.00112257	0.00199179	0.00341052	0.0051441	0.00341052	0.00199179	0.00112257	0.000632226	0.000349723	0.00019274	4.44937e-005	0	
0	4.7865e-005	0.000207657	0.000373565	0.000688689	0.00128843	0.0024849	0.0051441	0.0121552	0.0051441	0.0024849	0.00128843	0.000688689	0.000373565	0.000207657	4.7865e-005	0	
0	4.44937e-005	0.00019274	0.000349723	0.000632226	0.00112257	0.00199179	0.00341052	0.0051441	0.00341052	0.00199179	0.00112257	0.000632226	0.000349723	0.00019274	4.44937e-005	0	
0	3.55883e-005	0.000164652	0.000283243	0.000493481	0.000834396	0.00134072	0.00199179	0.0024849	0.00199179	0.00134072	0.000834396	0.000493481	0.000283243	0.000164652	3.55883e-005	0	
0	2.47125e-005	0.000125046	0.000214235	0.000353691	0.000556646	0.000834396	0.00112257	0.00128843	0.00112257	0.000834396	0.000556646	0.000353691	0.000214235	0.000125046	2.47125e-005	0	
0	1.44313e-005	9.04008e-005	0.000142516	0.000233514	0.000353691	0.000493481	0.000632226	0.000688689	0.000632226	0.000493481	0.000353691	0.000233514	0.000142516	9.04008e-005	1.44313e-005	0	
0	6.31763e-006	6.05599e-005	9.46176e-005	0.000142516	0.000214235	0.000283243	0.000349723	0.000373565	0.000349723	0.000283243	0.000214235	0.000142516	9.46176e-005	6.05599e-005	6.31763e-006	0	
0	7.83435e-007	2.49461e-005	6.05599e-005	9.04008e-005	0.000125046	0.000164652	0.00019274	0.000207657	0.00019274	0.000164652	0.000125046	9.04008e-005	6.05599e-005	2.49461e-005	7.83435e-007	0	
0	4.30802e-009	7.83435e-007	6.31763e-006	1.44313e-005	2.47125e-005	3.55883e-005	4.44937e-005	4.7865e-005	4.44937e-005	3.55883e-005	2.47125e-005	1.44313e-005	6.31763e-006	7.83435e-007	4.30802e-009	0	
0	0	0	0	0	0	0	0	0	0	0	0	0	0	0	0	0	

0	0	0	0	0	0	0	0	0	0	0	0	0	0	0	0	0	
0	1.47694e-008	1.95913e-006	1.20118e-005	2.34717e-005	3.69968e-005	5.13605e-005	6.26709e-005	6.7198e-005	6.26709e-005	5.13605e-005	3.69968e-005	2.34717e-005	1.20118e-005	1.95913e-006	1.47694e-008	0	
0	1.95913e-006	4.35096e-005	8.04733e-005	0.000114837	0.000163026	0.000210576	0.000250264	0.000266878	0.000250264	0.000210576	0.000163026	0.000114837	8.04733e-005	4.35096e-005	1.95913e-006	0	
0	1.20118e-005	8.04733e-005	0.000122159	0.000192194	0.000279493	0.000370589	0.000455767	0.000484216	0.000455767	0.000370589	0.000279493	0.000192194	0.000122159	8.04733e-005	1.20118e-005	0	
0	2.34717e-005	0.000114837	0.000192194	0.000308939	0.000455934	0.000641134	0.00080704	0.000886214	0.00080704	0.000641134	0.000455934	0.000308939	0.000192194	0.000114837	2.34717e-005	0	
0	3.69968e-005	0.000163026	0.000279493	0.000455934	0.000718141	0.00106474	0.00142638	0.00163371	0.00142638	0.00106474	0.000718141	0.000455934	0.000279493	0.000163026	3.69968e-005	0	
0	5.13605e-005	0.000210576	0.000370589	0.000641134	0.00106474	0.00170087	0.00250961	0.00311837	0.00250961	0.00170087	0.00106474	0.000641134	0.000370589	0.000210576	5.13605e-005	0	
0	6.26709e-005	0.000250264	0.000455767	0.00080704	0.00142638	0.00250961	0.00426049	0.00638879	0.00426049	0.00250961	0.00142638	0.00080704	0.000455767	0.000250264	6.26709e-005	0	
